4.36
-2.83
3.69
-0.30
2.58
-0.46
3.06
3.01
-0.70
5.02
-0.13
2.58
-1.80
4.52
-0.47
1.84
2.91
0.23
2.13
1.12
2.51
-0.82
0.81
2.76
-2.19
3.72
-1.17
3.24
-3.58
4.82
-2.83
0.53
-0.07
0.47
-2.15
1.09
-1.73
-1.10
-1.25
1.79
-3.58
3.66
-3.54
0.68
-1.46
1.56
-2.87
-2.09
1.33
-4.38
1.97
-4.31
2.71
-5.96
4.98
-3.91
0.90
-2.38
1.95
-3.22
1.55
-1.20
0.01
-1.30
3.53
-2.84
4.02
-0.99
2.20
-1.20
2.54
-0.63
0.72
3.13
-2.43
4.59
-0.55
3.29
-2.83
5.81
-2.63
3.11
0.68
1.02
0.78
2.71
0.71
0.12
2.71
2.68
-0.94
4.79
-0.15
3.02
0.23
4.79
0.36
0.65
1.62
0.98
-2.05
-0.37
-1.11
1.13
-3.49
2.52
-2.80
1.24
-1.71
2.14
-2.85
0.28
1.41
-4.29
2.18
-4.02
3.33
-5.80
4.66
-3.36
0.88
-1.31
1.98
-0.42
1.58
-1.38
3.45
-0.89
4.22
0.86
4.11
2.49
0.37
2.98
0.29
0.45
-0.92
-1.50
2.18
-2.40
1.70
-2.60
0.63
0.55
-4.11
2.69
-4.77
4.81
-3.77
2.98
0.14
2.09
0.21
0.52
0.33
3.93
-1.38
3.19
-0.41
4.53
0.45
1.33
1.41
0.00
-0.59
-0.23
-1.97
1.85
-3.05
1.87
-2.28
1.53
-0.52
-2.96
2.69
-4.05
4.52
-3.57
4.20
-0.02
1.25
1.19
0.21
1.86
2.01
-1.54
3.09
-1.08
3.99
-1.88
3.00
0.04
1.03
-2.41
0.15
-1.68
2.26
-4.54
2.35
-3.36
1.76
-0.21
-0.41
2.55
-2.29
3.80
-2.55
3.80
-0.09
1.60
2.59
1.23
2.17
1.43
-0.08
3.27
-3.64
2.53
-4.55
3.10
-1.48
1.05
-1.32
0.62
-2.48
1.02
-4.60
2.67
-2.73
2.44
-1.45
1.74
2.38
-1.22
4.09
-1.14
5.22
-0.09
1.13
2.37
0.17
2.80
-1.12
0.43
2.17
-3.34
2.50
-3.94
4.87
-2.53
2.07
-1.75
1.86
-1.95
0.70
-2.43
3.27
-2.15
2.63
-0.80
3.03
2.32
-0.31
4.27
-0.47
3.67
-0.52
1.82
2.39
-0.11
1.66
-1.77
1.17
1.18
-3.42
1.82
-4.14
3.67
-4.60
2.84
-1.23
2.57
-2.35
0.30
-0.63
3.07
-2.94
3.84
-0.52
3.01
-0.34
0.94
3.80
0.12
2.10
-0.84
1.33
1.74
-1.41
1.43
-1.95
0.84
-0.98
-3.27
1.85
-5.02
3.30
-4.26
2.85
-1.09
2.30
-0.98
0.31
-0.05
2.54
-2.14
4.29
-0.14
5.09
-0.11
1.63
2.05
1.20
-0.81
-0.78
-2.06
1.30
-3.84
1.09
-3.05
1.08
-1.66
-3.09
3.27
-3.87
3.76
-3.54
2.94
0.24
1.58
0.68
-0.44
1.19
2.51
-1.56
4.14
-1.80
4.16
-2.32
2.07
-0.83
0.09
-1.97
-0.58
-2.88
2.67
-4.30
2.28
-2.94
0.84
-0.29
-1.28
3.30
-2.43
3.59
-2.41
2.76
1.20
1.42
1.70
-0.15
1.63
1.52
-2.03
3.41
-3.44
3.59
-4.11
2.57
-1.52
1.67
-2.99
0.33
-2.64
2.42
-3.54
2.69
-1.73
2.16
0.09
-0.52
2.70
-0.70
4.01
-2.27
4.89
0.70
1.52
2.21
-0.77
2.20
-0.89
-1.05
2.13
-3.14
2.72
-4.63
4.48
-2.56
-0.27
-2.69
2.10
-2.91
1.48
-3.68
3.53
-1.68
2.52
-0.70
2.83
2.30
-0.87
4.13
-0.71
3.42
-1.34
2.45
2.04
0.39
1.79
-1.97
1.33
0.47
-2.84
2.94
-3.43
3.64
-5.57
3.62
-2.73
1.52
-3.20
1.53
-1.41
1.31
-2.48
3.53
-1.09
3.11
-0.80
2.35
2.65
-0.91
3.57
-0.46
3.38
0.16
0.01
3.38
-0.52
1.49
-2.20
0.32
0.27
-4.37
2.41
-4.34
4.58
-5.37
1.90
-1.84
2.02
-1.69
1.09
-0.34
3.27
-3.29
3.08
0.05
3.76
1.12
0.78
4.22
0.00
2.42
-0.45
0.27
1.03
-2.66
1.62
-2.80
1.45
-3.25
-2.42
1.67
-3.60
3.16
-5.15
0.02
-0.87
-2.45
-6.69
3.31
-3.73
0.08
-5.90
0.63
4.16
9.09
8.96
3.12
0.09
5.93
0.91
4.60
6.16
4.57
3.86
1.54
-0.09
0.67
0.54
-5.44
4.96
5.48
2.05
