0.56
4.09
-0.48
4.30
-2.13
5.02
-2.80
4.59
-0.95
3.04
0.20
2.38
0.27
2.47
-0.43
2.48
-0.12
1.72
0.50
0.36
0.02
3.68
-1.70
3.22
-2.64
2.93
-2.21
2.41
-1.30
2.35
-1.25
1.70
-1.87
1.52
-0.94
-1.05
1.12
-2.66
1.57
-3.90
3.19
-3.45
3.56
-4.05
3.77
-5.53
4.89
-5.38
4.05
-2.43
2.47
-0.94
1.18
-1.59
1.59
-1.26
1.05
-1.43
-1.15
-1.33
-0.84
-2.27
1.28
-3.23
2.55
-1.98
0.38
-3.26
1.98
-1.65
-1.13
2.87
-2.70
2.27
-4.48
4.63
-5.74
3.48
-1.87
1.07
-2.16
2.22
-0.89
1.38
-0.53
4.09
-2.37
3.72
0.05
3.36
-0.92
2.34
3.23
-0.72
4.14
0.95
2.69
-1.22
3.15
2.50
-0.52
2.86
0.19
1.37
-1.39
0.90
0.34
-3.48
3.86
-2.57
3.59
-5.95
4.13
-3.34
0.37
-1.78
2.41
-4.00
-0.31
-2.27
1.63
-4.99
3.29
-2.70
0.79
-1.51
2.32
-0.59
-0.66
3.28
-1.73
3.43
-1.64
3.89
-3.74
3.81
-0.23
0.97
0.95
2.29
1.12
0.13
3.10
2.88
-0.67
4.38
0.33
2.70
-0.38
4.98
-0.16
1.48
2.13
1.27
-0.79
-0.23
0.20
-0.31
-1.56
2.79
-3.04
1.28
-1.65
1.53
-3.16
-0.52
1.12
-4.52
1.92
-4.42
3.73
-5.67
4.40
-3.27
1.04
-2.38
2.64
-0.78
-0.15
-0.16
4.06
-2.83
3.71
-1.21
3.07
-0.93
4.01
3.34
0.20
4.41
0.94
2.91
-1.96
3.73
0.11
0.21
2.58
-0.53
1.40
-1.52
2.42
-1.72
-0.95
2.58
-3.17
2.57
-4.05
4.53
-4.62
1.85
-1.15
0.43
-2.74
1.62
-2.75
-0.19
-2.70
1.91
-5.40
2.98
-2.97
0.61
-2.80
2.80
-1.50
-1.28
2.97
-2.48
2.98
-3.27
4.64
-4.14
3.73
-0.16
0.82
0.18
2.67
0.79
-0.45
1.95
2.95
-1.96
4.02
-0.53
1.38
0.20
4.87
-0.27
2.09
3.57
-0.87
1.47
0.98
0.59
-1.71
2.34
0.73
-1.18
2.31
-0.29
0.05
-2.59
2.27
-1.50
-0.53
3.38
-3.54
1.42
-2.70
3.88
-6.15
3.99
-2.41
0.32
-2.34
2.04
-3.74
0.20
-2.05
0.54
-4.66
3.92
-4.45
1.88
-1.58
2.76
-1.20
1.73
1.14
-2.36
3.41
-1.11
3.15
-3.64
5.38
-3.44
1.84
-0.13
1.49
-0.43
2.55
0.34
-0.68
1.37
3.72
-2.16
3.88
0.66
2.66
-0.30
5.13
0.20
2.91
3.52
-0.04
2.97
1.12
1.53
-0.76
2.71
-1.02
0.57
3.12
-2.03
0.77
-0.88
2.20
-3.66
1.48
-0.05
-2.60
2.76
-1.83
2.05
-3.46
4.90
-5.87
2.41
-0.78
0.68
-2.67
2.15
-2.75
-0.20
-1.06
0.06
-4.14
3.59
-4.94
1.06
-3.00
1.65
-2.95
1.75
-1.84
-3.16
2.45
-2.84
2.20
-4.84
5.10
-5.61
3.95
-1.72
1.28
-1.96
2.71
-1.54
-1.11
0.74
1.65
-3.04
4.20
-2.77
2.71
0.17
3.37
-1.77
4.55
1.84
-0.56
2.89
-0.14
3.78
-0.80
4.05
-2.97
5.39
1.80
1.48
2.23
3.19
1.33
-0.45
3.19
-0.56
0.63
3.64
-1.60
1.84
0.37
3.76
-3.76
5.02
-1.55
0.73
1.42
0.33
-0.58
1.59
-0.19
-1.16
1.30
1.02
-2.28
2.71
-2.50
0.88
-1.55
2.55
-4.19
1.10
-0.02
-2.73
1.65
-2.54
2.26
-5.20
4.65
-6.55
2.27
-2.20
1.20
-3.20
3.25
-3.98
0.01
-1.03
0.90
-3.46
4.58
-3.71
1.28
-0.30
2.05
-2.45
3.41
0.42
-2.04
3.55
-1.04
2.34
-3.38
5.19
-4.44
4.24
-0.24
1.66
-0.52
3.33
-0.51
0.12
1.45
0.88
-1.30
5.52
-1.52
2.97
0.85
4.55
-0.45
5.25
1.97
-0.22
4.83
0.82
2.03
0.08
2.27
-2.54
3.63
1.56
-0.48
2.64
0.78
1.63
-0.40
2.41
-3.20
1.10
2.19
-2.12
2.66
-1.49
3.56
-3.81
5.53
-4.24
2.01
0.44
-0.39
-2.17
1.69
-1.11
-1.63
-0.71
1.34
-4.63
2.98
-4.14
0.75
-1.66
2.21
-4.52
1.49
-0.93
-3.19
1.01
-3.63
1.48
-3.82
4.39
-7.34
4.59
-4.49
0.98
-2.55
2.99
-4.17
1.98
-1.32
0.27
-0.59
2.17
-3.57
3.39
-3.27
2.62
-0.77
2.35
-1.82
3.55
-1.25
-0.23
1.68
-2.23
2.03
-1.95
2.38
-4.36
4.28
-5.78
4.79
-3.40
2.34
-2.69
1.91
-2.45
3.06
-2.02
0.40
-0.10
0.48
-0.91
3.06
-2.93
2.73
-1.77
2.66
-1.07
4.27
-1.66
3.52
-0.77
-1.03
0.64
-1.45
2.34
-1.13
3.39
-3.64
5.40
-4.81
5.41
-1.67
2.45
-2.14
2.03
-2.26
2.70
-1.27
-0.32
-0.21
1.48
-1.95
3.21
-2.55
3.16
-0.99
2.67
-1.84
4.28
-1.77
3.40
-0.30
-0.91
1.73
-1.88
2.39
-1.27
3.36
-3.80
5.90
-3.73
4.25
-0.93
2.20
-1.42
2.66
-0.96
2.05
0.13
-0.51
-0.33
2.15
-2.51
3.79
-1.85
2.80
-0.86
3.38
-1.59
3.91
-1.83
1.32
2.73
-0.48
3.02
-0.23
2.81
-2.20
5.31
-3.57
5.56
-0.52
2.76
0.60
3.06
-0.45
2.70
0.86
0.37
2.15
2.13
-0.56
4.30
-0.63
2.52
1.62
4.81
-0.98
4.95
0.52
1.74
4.39
0.75
3.25
1.37
2.13
-2.62
4.35
-1.06
3.28
2.42
1.53
2.59
2.96
2.71
-1.05
3.34
-1.57
0.48
3.63
-1.30
1.73
-0.10
4.21
-3.69
5.72
-3.36
1.72
0.23
1.04
-1.10
1.48
-0.48
-0.69
0.70
-0.52
-2.21
2.26
-3.19
1.28
-1.40
2.07
-3.76
2.92
-1.37
-2.13
1.73
-2.41
1.71
-3.43
3.20
-6.55
4.45
-4.24
0.84
-2.17
2.13
-3.49
2.59
-1.48
-0.53
-2.05
2.95
-4.58
2.66
-1.61
2.05
-2.38
3.16
-2.04
1.89
1.19
-2.00
2.92
-1.76
3.52
-3.94
5.45
-4.54
3.28
-1.07
1.27
-0.80
6.41
-2.38
-0.25
0.20
2.55
-6.84
3.51
-1.10
4.63
3.24
1.18
-5.77
1.12
-3.59
1.33
2.33
1.16
3.14
2.26
4.34
2.22
5.61
4.65
5.65
1.75
1.55
