22.52
0.84
-28.81
12.87
9.66
-23.21
-8.89
5.85
7.91
-4.45
-16.81
15.59
12.09
-25.24
3.39
20.07
-7.04
-2.21
3.16
14.04
6.13
-19.20
9.46
21.62
-17.17
-2.47
10.88
10.49
-10.35
-6.89
17.30
-2.13
-18.12
-0.91
15.45
-4.13
-15.23
8.97
8.17
-20.21
-4.47
14.88
-8.89
-1.43
5.99
-4.71
8.48
-4.75
-19.58
8.45
6.94
-5.78
-9.95
19.60
10.21
-25.07
10.74
18.90
-21.09
-2.23
18.80
-1.14
-5.64
0.70
12.18
-12.46
-3.26
7.43
-3.38
10.63
2.70
-14.70
13.60
-0.27
-18.82
-0.60
9.19
3.10
-20.22
11.02
10.60
-22.48
0.55
14.84
-14.02
-0.52
7.74
2.70
-0.23
-5.20
8.55
-9.23
0.47
1.01
-10.30
13.42
5.46
-18.05
9.42
2.86
-9.47
-10.11
8.63
13.25
-19.59
5.55
12.08
-16.62
-2.78
10.08
-7.95
3.98
0.05
4.45
0.87
-2.06
3.66
-14.64
7.29
2.79
-18.27
12.98
10.76
-18.41
5.18
4.00
-1.68
-14.84
6.99
15.69
-19.31
2.31
7.95
-18.86
0.08
4.55
-10.66
6.08
-0.67
5.68
-8.20
2.75
0.74
-21.19
6.25
6.45
-19.81
8.00
9.39
-5.57
-6.72
4.66
14.37
-17.25
4.75
12.98
-12.18
1.84
7.36
-15.63
3.16
-2.39
-0.37
-1.97
3.43
8.59
-17.37
5.00
3.49
-23.12
8.13
10.09
-13.88
2.46
4.52
5.59
-16.12
4.00
12.02
-16.45
3.74
11.51
-13.02
5.23
1.89
-9.48
-4.24
-1.41
10.92
-11.87
7.72
8.59
-16.66
4.39
5.92
-19.83
4.25
4.79
2.48
-11.98
4.20
10.16
-21.72
3.52
9.64
-17.02
7.54
7.76
-6.45
0.59
-1.09
8.51
-17.50
2.32
7.61
-15.10
9.14
9.29
-17.60
5.43
1.78
0.59
-13.79
5.70
14.09
-20.00
3.60
7.11
-21.98
1.84
4.16
-4.88
0.52
2.48
14.74
-15.72
0.95
6.22
-18.55
7.06
9.38
-14.26
7.03
4.80
3.91
-13.12
4.56
12.84
-17.16
6.71
12.54
-15.71
4.07
3.85
-11.48
-7.66
-1.85
13.38
-13.89
3.97
10.67
-15.18
2.86
4.30
-18.34
5.43
3.36
1.93
-9.16
3.93
9.50
-21.51
4.91
11.17
-14.16
9.35
10.22
-3.19
-2.15
0.50
12.48
-18.19
2.42
12.14
-14.56
7.89
7.99
-16.59
4.11
0.45
2.41
-12.63
4.63
14.98
-17.58
4.86
7.52
-20.85
2.66
5.54
-3.04
-1.80
4.09
15.65
-18.84
1.80
7.28
-19.86
4.93
7.45
-11.36
0.70
2.35
7.28
-16.24
3.00
11.95
-14.87
9.97
11.16
-13.88
5.54
3.08
-3.39
-14.69
0.46
14.60
-17.50
6.49
11.77
-15.74
5.95
5.55
-5.25
-1.59
4.89
16.30
-15.46
4.96
8.40
-20.86
4.67
7.54
-11.73
2.48
6.55
11.23
-15.31
-0.38
12.34
-18.67
5.09
9.98
-12.70
5.41
5.37
-2.96
-9.73
0.52
14.97
-18.01
7.16
12.70
-13.97
5.97
4.66
-10.08
-5.86
1.22
12.32
-16.58
5.61
12.29
-19.55
5.64
6.47
-13.20
0.16
6.45
12.13
-13.51
0.75
11.95
-20.68
3.15
6.73
-14.16
6.49
8.13
1.23
-9.64
-2.16
12.13
-22.40
2.96
10.07
-14.99
6.20
6.13
-8.39
-4.70
1.53
13.48
-19.01
5.26
13.60
-17.02
4.18
4.63
-13.69
-5.26
1.84
11.13
-13.95
3.30
13.51
-18.45
5.15
5.67
-15.20
1.55
8.00
6.59
-11.70
0.84
12.49
-21.23
3.34
7.23
-14.33
5.95
8.80
0.40
-8.52
-2.66
12.74
-22.13
4.07
10.88
-14.60
6.41
6.35
-8.96
-4.09
0.68
11.90
-19.37
5.23
14.11
-18.56
4.41
4.90
-15.96
-4.75
3.46
10.45
-12.80
2.77
14.60
-17.50
4.73
6.20
-14.79
1.69
7.39
5.63
-11.53
0.80
12.98
-21.28
3.86
8.02
-13.71
5.86
9.80
1.21
-9.99
-2.80
13.32
-21.68
2.85
9.59
-14.23
5.50
6.34
-6.82
-6.26
-0.08
14.65
-18.21
6.03
13.42
-16.95
5.38
5.63
-13.39
-5.09
3.42
11.99
-14.05
3.54
13.88
-19.45
5.00
6.48
-13.84
0.48
7.59
9.80
-12.38
1.38
12.52
-21.23
3.84
6.98
-13.79
3.44
7.05
1.94
-12.70
-3.43
13.34
-20.30
4.47
9.24
-13.99
3.89
6.88
-4.27
-8.84
0.94
16.89
-16.84
8.00
13.30
-12.20
5.97
5.98
-7.41
-7.91
-0.01
14.14
-18.28
4.30
11.26
-18.91
5.22
6.52
-8.49
-0.45
5.81
14.27
-16.05
2.02
9.16
-24.12
1.48
5.68
-11.63
0.78
6.20
11.30
-14.56
0.22
13.18
-19.61
6.16
9.56
-11.68
2.78
6.53
2.67
-12.26
0.88
16.84
-15.49
9.48
10.84
-12.64
3.45
4.96
-4.56
-12.29
-1.12
16.21
-18.05
4.74
10.47
-17.14
4.35
5.70
-6.23
-3.14
4.02
16.14
-17.18
2.16
8.45
-22.20
2.34
6.01
-7.27
0.91
6.04
14.22
-16.79
0.95
10.95
-20.24
5.34
9.43
-9.31
0.05
4.57
7.57
-17.58
0.50
12.42
-18.10
8.04
9.77
-11.06
-0.29
2.99
4.54
-15.88
0.21
14.94
-17.20
7.15
8.22
-15.44
-0.09
4.53
3.18
-12.39
1.69
18.26
-17.03
5.19
5.42
-18.45
-0.66
6.20
1.02
-6.84
2.35
17.52
-16.95
3.05
7.10
-15.07
4.66
8.80
-0.96
-6.16
1.02
12.49
-20.94
2.02
9.39
-13.31
8.55
10.83
-2.36
-3.71
0.16
11.05
-21.42
1.55
11.79
-16.94
5.91
7.50
-10.52
-2.02
1.71
10.23
-15.93
2.82
15.13
-17.80
6.16
5.28
-17.03
-2.99
3.92
7.16
-11.13
2.20
15.27
-17.27
4.45
5.55
-16.30
1.75
6.98
3.18
-11.27
-0.84
12.55
-20.39
3.39
7.88
-12.82
6.75
10.03
-0.16
-7.60
-2.48
13.37
-21.78
1.95
9.95
-14.16
5.60
7.39
-6.59
-5.29
0.88
15.38
-17.97
5.55
14.51
-14.94
5.84
5.92
-11.59
-5.31
2.09
11.34
-15.37
3.14
13.73
-18.05
6.27
6.29
-11.79
0.20
7.78
12.80
-11.57
1.86
12.21
-21.21
4.92
7.59
-12.11
3.92
8.75
6.24
-10.86
-1.78
15.22
-19.08
5.37
9.95
-11.95
5.16
8.11
-2.64
-8.04
0.05
16.71
-17.02
7.54
12.15
-12.32
4.77
5.50
-9.05
-9.74
-1.18
14.88
-18.17
5.30
12.63
-16.06
5.53
6.57
-6.66
-1.14
5.58
15.63
-16.25
2.09
9.95
-22.71
2.53
6.24
-7.73
0.16
6.49
13.27
-17.02
-0.52
11.50
-20.39
5.71
8.98
-8.23
0.15
5.63
7.52
-15.28
0.69
13.78
-18.61
9.22
10.22
-9.84
0.43
4.34
3.48
-15.68
-1.43
14.76
-17.31
7.75
8.46
-15.17
0.50
5.39
2.62
-10.34
1.55
18.38
-16.91
4.50
6.27
-18.29
0.23
5.09
-0.90
-7.31
1.75
17.05
-18.01
2.24
7.02
-15.99
4.39
8.84
-0.55
-6.67
0.55
12.49
-20.41
2.76
10.40
-13.16
8.68
11.31
-2.08
-2.66
0.52
11.52
-20.95
1.71
12.23
-15.75
6.39
8.10
-8.63
-2.41
2.20
10.75
-17.16
3.09
14.88
-18.17
5.38
5.05
-14.98
-5.02
3.49
9.02
-12.42
2.43
14.44
-20.06
5.46
4.72
-14.01
-1.51
6.82
9.75
-10.89
0.61
12.45
-21.27
4.96
7.48
-11.95
2.89
9.33
7.41
-11.81
-2.00
13.74
-21.26
4.16
8.42
-13.25
2.93
7.02
0.66
-10.52
-0.88
16.53
-17.09
6.55
12.00
-12.03
5.48
6.23
-6.60
-11.37
-2.15
15.73
-16.85
5.09
12.30
-14.12
5.87
6.25
-6.60
-3.12
5.12
17.17
-16.50
2.47
10.62
-20.89
3.13
6.78
-7.22
0.15
6.98
13.88
-17.72
-1.10
11.63
-21.39
4.04
8.43
-7.55
-0.91
5.50
9.41
-14.65
1.24
15.09
-17.48
9.43
12.16
-5.68
0.49
5.08
5.85
-17.18
0.05
14.45
-19.12
6.75
8.09
-12.62
-2.23
4.13
6.38
-13.05
1.41
17.23
-18.01
6.62
6.55
-17.65
-2.86
5.34
3.95
-9.84
2.56
18.17
-18.04
4.02
5.53
-16.50
-0.05
7.40
4.75
-10.27
-0.34
13.55
-19.82
4.34
8.59
-13.12
5.88
11.49
3.94
-7.74
-2.45
13.53
-20.40
2.70
10.57
-14.13
6.42
8.63
-4.22
-6.57
0.56
15.40
-17.63
4.38
13.59
-13.54
6.12
6.06
-10.85
-8.88
0.71
14.02
-16.03
3.77
13.64
-15.92
5.63
5.88
-8.45
-1.88
6.31
15.42
-15.47
2.29
10.95
-21.91
4.31
7.58
-7.96
1.52
8.30
13.45
-15.95
-0.68
11.20
-22.80
3.73
7.29
-9.85
-0.34
6.43
8.11
-14.88
-0.29
14.66
-19.38
8.28
10.02
-9.52
0.63
4.88
3.15
-15.52
-1.53
15.39
-17.96
8.32
9.35
-13.00
0.61
5.99
6.02
-10.59
1.47
18.41
-17.40
7.42
7.57
-16.59
-0.98
6.72
4.69
-8.32
1.53
18.09
-19.09
3.66
4.35
-16.97
-0.73
7.05
4.25
-9.67
-0.37
14.34
-19.49
4.53
8.06
-13.79
4.63
10.96
4.88
-8.63
-1.94
12.86
-22.38
1.52
8.37
-14.56
4.35
8.70
-1.54
-9.66
-1.70
15.90
-17.90
5.56
12.01
-13.58
4.45
7.57
-5.61
-10.77
-1.37
16.38
-15.39
5.34
12.86
-13.93
5.63
6.58
-6.00
-6.02
2.98
17.25
-16.47
2.52
9.03
-19.58
3.39
7.48
-4.23
-3.37
5.28
18.12
-17.09
0.58
9.01
-19.27
3.32
8.55
-3.42
-2.94
4.98
15.77
-18.05
0.24
11.26
-16.28
6.66
9.81
-4.63
-2.56
2.66
9.63
-21.87
-1.40
12.02
-15.30
8.21
10.06
-5.46
-0.91
3.48
12.02
-17.05
2.52
15.93
-16.74
5.50
6.60
-12.26
-3.53
4.88
10.69
-13.08
3.39
17.10
-18.94
4.40
5.04
-12.30
-2.96
7.55
10.98
-12.23
1.37
14.52
-20.81
5.97
8.55
-10.28
1.46
9.82
10.05
-11.51
-0.69
11.98
-24.28
3.98
8.32
-11.59
1.95
7.77
5.77
-11.26
-0.77
15.20
-19.62
7.43
10.57
-11.88
3.22
7.98
-1.19
-12.00
-1.83
16.80
-15.93
7.30
11.83
-14.58
3.33
5.55
-3.59
-8.97
0.69
18.09
-16.85
3.74
7.48
-19.27
2.61
6.86
-2.30
-5.24
3.16
18.99
-17.70
2.10
7.63
-19.07
2.47
8.07
-2.86
-5.94
1.82
16.26
-18.81
2.03
10.22
-15.16
6.52
10.91
-2.05
-3.69
0.98
10.83
-23.38
-1.24
11.61
-15.75
8.31
10.02
-5.31
-0.60
4.26
12.48
-16.64
2.59
16.62
-17.21
5.87
6.31
-12.80
-3.27
5.26
11.07
-12.54
3.17
17.18
-19.71
4.45
4.77
-12.73
-2.30
7.76
10.02
-11.72
0.64
14.85
-20.76
6.22
8.58
-10.79
2.05
9.48
9.57
-10.21
-0.51
11.88
-24.93
3.24
7.48
-13.62
1.67
7.82
5.03
-10.60
-0.85
15.27
-19.88
6.77
10.69
-12.43
3.44
8.18
-1.79
-12.45
-2.13
16.94
-16.11
6.51
12.45
-13.88
4.50
6.11
-4.80
-7.60
1.88
18.34
-16.37
3.44
9.33
-18.54
3.66
7.30
-3.16
-3.77
4.56
19.48
-16.42
1.86
8.71
-19.05
3.16
7.84
-3.02
-4.16
3.08
16.19
-18.22
1.34
10.92
-15.45
7.16
10.98
-3.10
-1.73
2.96
10.28
-22.68
-1.34
12.68
-16.25
8.05
10.17
-6.27
-0.33
3.70
9.97
-17.34
2.13
15.77
-17.40
5.61
6.57
-12.73
-2.94
5.29
11.03
-12.99
4.18
18.30
-18.55
4.63
5.15
-12.46
-2.71
6.91
9.60
-12.13
1.52
15.17
-20.64
6.34
8.42
-10.01
1.20
9.07
9.65
-12.13
-0.75
11.20
-25.75
1.75
5.99
-12.45
1.02
7.49
6.67
-11.59
-0.87
14.91
-20.52
7.98
11.21
-10.69
2.17
7.22
0.54
-13.32
-2.20
16.21
-17.06
7.96
10.33
-14.46
1.76
6.54
0.17
-9.76
0.84
18.68
-16.94
5.70
9.41
-16.41
4.13
9.41
3.21
-4.57
4.30
20.54
-16.30
3.87
6.79
-18.42
1.65
8.26
2.14
-6.66
0.66
16.90
-18.30
3.86
8.33
-15.32
4.20
10.13
3.59
-7.52
-1.19
13.10
-23.89
-0.09
8.09
-15.31
5.48
9.31
-0.91
-7.01
-2.50
14.48
-19.31
3.55
11.91
-14.45
5.88
6.98
-8.70
-7.11
0.78
17.03
-15.24
6.09
13.97
-14.30
4.91
6.07
-8.14
-7.60
1.58
16.92
-16.47
2.22
10.79
-18.35
4.38
6.73
-6.25
-2.40
5.34
15.98
-16.86
0.45
9.14
-22.16
1.43
5.81
-6.70
-1.43
5.02
14.60
-16.20
1.30
12.56
-16.82
6.49
10.99
-4.64
0.62
4.67
10.26
-20.38
-0.65
13.06
-17.61
8.20
9.79
-8.75
-1.50
2.91
7.56
-17.79
0.98
15.40
-18.11
6.46
7.21
-13.02
-1.21
5.02
9.66
-13.10
4.20
18.31
-17.77
5.45
4.92
-13.53
-2.73
6.56
9.48
-12.31
2.42
16.17
-20.40
6.07
7.00
-10.99
0.22
8.62
9.77
-12.30
-0.25
12.82
-24.88
3.07
6.31
-11.27
1.59
8.48
8.48
-11.53
-1.34
14.95
-21.73
7.05
10.52
-9.94
2.55
7.01
2.28
-12.95
-1.41
16.75
-18.04
9.91
11.48
-12.59
1.20
5.63
0.08
-11.98
-1.27
18.15
-17.29
6.66
9.23
-16.73
1.37
6.16
1.52
-8.47
1.07
19.33
-17.82
4.45
5.29
-19.80
-1.47
6.20
1.99
-7.30
1.13
18.03
-17.95
4.70
7.77
-15.76
2.50
9.96
4.52
-8.06
-0.16
14.16
-22.32
3.99
8.60
-14.08
4.25
10.27
4.55
-9.27
-2.94
15.37
-20.00
4.48
11.80
-13.23
5.56
9.02
-2.38
-7.91
0.32
18.27
-15.52
7.62
13.82
-13.84
5.20
6.13
-7.07
-11.27
-1.80
15.87
-16.79
2.72
12.02
-17.17
3.88
5.75
-8.05
-4.75
4.62
17.44
-17.12
0.53
9.43
-20.58
2.80
6.78
-5.49
-2.16
5.92
18.15
-16.44
0.41
11.66
-17.08
5.90
9.30
-4.90
-2.09
4.20
11.98
-19.77
-0.23
12.79
-15.44
9.02
10.83
-4.94
-1.11
3.23
8.73
-19.93
0.34
15.66
-15.84
7.33
8.30
-9.56
-2.25
4.25
12.56
-15.80
2.65
17.46
-16.82
5.25
4.94
-13.48
-5.54
3.19
9.53
-13.80
2.75
16.36
-18.09
6.82
6.67
-9.91
-0.44
7.37
11.50
-14.71
0.52
12.25
-24.48
3.05
6.61
-9.55
1.21
8.48
10.55
-14.95
-1.76
14.45
-22.62
5.80
9.57
-8.80
0.66
7.05
6.38
-14.02
-0.18
15.67
-19.36
9.33
10.94
-7.66
-0.02
6.38
4.15
-15.96
-0.94
16.43
-19.48
7.11
8.41
-12.29
-1.77
5.16
6.13
-11.05
1.51
19.29
-18.77
6.88
6.42
-16.92
-3.47
4.41
4.58
-9.13
0.84
17.37
-20.33
4.82
5.05
-16.05
-0.52
7.92
7.49
-9.14
-0.13
13.66
-22.30
4.61
7.82
-13.44
2.92
9.38
7.21
-10.11
-1.85
14.71
-21.91
4.98
9.38
-13.10
3.41
8.84
1.91
-9.81
-0.98
17.37
-18.29
7.75
10.87
-13.73
3.30
6.61
-4.27
-13.57
-3.26
16.61
-16.54
4.97
11.35
-14.98
4.98
5.92
-4.55
-7.93
2.20
19.27
-16.24
2.95
9.41
-19.61
2.67
6.88
-3.91
-4.69
3.34
18.10
-18.25
0.84
9.91
-17.60
4.55
8.92
-2.05
-6.06
1.59
15.34
-18.55
2.47
11.54
-14.06
8.83
11.36
-1.50
-5.13
-0.80
11.59
-21.80
-0.38
11.30
-15.38
7.17
8.41
-7.22
-4.32
2.63
14.93
-17.64
2.73
16.44
-14.76
6.20
6.45
-12.31
-7.37
1.63
11.77
-15.93
2.19
15.83
-18.85
4.56
4.67
-10.32
-2.24
6.45
11.54
-14.97
0.21
11.93
-24.05
4.40
7.29
-8.71
1.36
9.15
11.71
-15.63
-1.63
12.84
-24.36
3.77
7.98
-9.41
0.01
7.60
8.23
-14.80
-0.51
15.30
-20.28
7.62
10.38
-8.04
-0.16
5.44
3.82
-16.46
-1.52
16.21
-19.52
8.02
9.26
-11.34
-0.09
5.97
6.31
-11.38
1.98
19.90
-18.24
7.55
7.52
-15.78
-1.47
6.38
7.51
-7.44
2.92
19.76
-19.07
4.71
4.57
-16.99
-1.70
7.82
7.21
-9.27
-0.27
15.34
-21.68
5.48
8.19
-12.06
2.58
9.38
7.71
-9.81
-1.33
14.05
-24.27
4.54
8.98
-11.75
2.16
8.48
5.29
-10.88
-1.11
16.76
-19.83
7.66
11.05
-11.93
2.30
6.63
-0.77
-13.51
-2.98
16.28
-17.70
6.95
10.00
-15.25
2.55
6.98
-0.47
-9.73
0.23
18.99
-17.23
5.64
7.23
-18.91
1.08
7.15
1.90
-7.20
2.77
20.48
-17.50
4.55
5.78
-18.04
-0.41
7.57
3.44
-8.70
-0.15
16.29
-20.14
3.43
7.03
-15.59
2.37
9.63
4.77
-9.30
-2.19
13.05
-23.89
2.76
8.44
-13.62
3.45
9.95
4.38
-7.97
-0.19
17.11
-19.16
6.84
10.70
-13.17
2.95
8.11
-2.65
-12.66
-2.38
16.98
-16.02
6.52
12.30
-14.34
3.52
6.33
-3.79
-9.15
1.18
19.02
-16.76
3.41
9.91
-17.27
4.10
7.79
-2.09
-5.58
4.13
20.73
-16.20
3.46
8.76
-18.53
3.20
8.49
-1.77
-6.11
2.21
17.83
-17.84
1.32
9.25
-15.66
5.73
11.26
0.35
-6.39
-0.39
13.37
-23.30
-0.95
9.83
-14.41
7.16
9.70
-3.32
-7.01
-1.18
14.45
-19.36
2.17
12.73
-14.24
6.09
7.09
-8.94
-8.44
1.50
17.46
-14.87
5.36
13.47
-14.75
4.40
5.78
-7.45
-8.15
2.27
18.33
-16.23
3.51
12.34
-16.25
5.44
8.27
-4.84
-3.10
5.54
18.41
-16.77
1.34
9.19
-20.59
2.24
6.62
-5.41
-4.80
3.84
16.27
-18.06
-0.59
10.05
-16.20
6.71
11.05
-3.01
-3.19
3.45
11.44
-23.45
-2.61
11.59
-16.41
7.55
9.77
-6.16
-2.76
3.23
11.57
-19.13
1.48
16.91
-15.58
6.77
7.53
-11.76
-4.21
4.75
10.98
-15.05
2.96
17.52
-17.90
4.32
5.39
-11.37
-4.21
6.53
11.24
-14.65
1.85
16.67
-20.02
6.35
9.37
-7.68
0.44
9.77
12.74
-14.49
0.45
12.56
-25.40
1.01
6.21
-8.97
-0.09
7.48
10.22
-15.83
-1.04
14.66
-19.72
6.29
10.58
-6.62
-0.81
6.98
6.36
-17.91
-0.98
16.17
-18.01
8.32
11.11
-7.35
-2.27
6.22
6.92
-15.11
1.02
17.85
-18.56
6.52
8.46
-12.48
-2.04
7.17
9.60
-11.50
3.80
18.96
-18.64
5.27
5.70
-13.48
-4.38
6.02
9.56
-12.96
2.04
16.78
-19.95
6.15
9.06
-7.84
0.16
9.52
13.11
-14.73
0.36
12.70
-25.35
1.02
5.62
-9.35
-0.16
8.66
12.03
-14.76
-0.34
15.48
-20.05
6.13
10.66
-6.94
-0.49
7.12
6.38
-15.77
-0.12
17.12
-17.97
9.05
11.69
-7.32
-2.00
6.55
7.13
-15.24
0.85
18.41
-18.21
6.88
9.15
-11.38
-2.30
7.15
8.97
-12.41
2.83
18.96
-19.02
5.31
5.86
-14.05
-5.35
5.41
8.16
-12.35
2.09
17.06
-19.08
6.52
8.76
-8.52
-0.30
9.36
12.24
-13.29
1.60
13.95
-24.37
2.76
7.43
-9.27
0.13
8.23
10.48
-15.74
-1.77
14.15
-22.35
4.27
9.29
-8.74
-0.83
6.95
6.05
-15.57
0.05
16.75
-17.82
8.27
10.84
-7.36
-1.79
6.28
6.23
-17.87
-0.91
16.79
-18.77
6.34
9.13
-10.65
-2.68
6.20
8.81
-13.94
2.26
19.05
-18.87
4.95
5.62
-14.99
-6.48
5.15
8.78
-12.38
2.04
17.39
-18.70
6.77
7.91
-9.65
-1.43
9.40
12.75
-14.31
1.31
13.98
-24.11
2.60
7.23
-9.50
-0.07
9.11
12.02
-15.47
-1.71
14.97
-21.38
5.23
10.41
-8.32
-0.70
8.59
7.80
-13.93
1.02
18.12
-18.06
8.43
11.39
-8.30
-1.87
6.55
5.89
-16.76
-0.59
17.12
-18.60
7.31
9.73
-10.88
-3.03
6.23
8.87
-13.49
2.41
19.42
-18.55
6.34
7.73
-15.13
-6.12
6.13
8.45
-10.80
2.73
17.99
-19.09
4.96
6.72
-13.11
-3.45
8.23
8.64
-12.70
0.08
13.48
-22.90
3.16
7.38
-11.37
-0.26
10.59
9.12
-14.40
-2.03
14.69
-20.95
4.05
9.98
-11.30
-0.60
9.51
5.59
-13.38
0.84
18.29
-16.48
8.15
11.60
-10.82
-1.12
8.00
0.54
-17.10
-1.91
16.36
-17.61
6.48
9.84
-12.80
-1.82
7.95
4.70
-12.63
2.55
20.29
-16.05
6.27
8.29
-16.18
-3.87
7.31
4.58
-11.42
2.61
19.20
-17.55
3.05
5.02
-16.06
-2.67
9.45
5.44
-12.84
-0.37
13.57
-20.99
2.95
8.08
-12.48
1.12
11.88
7.67
-11.68
-0.02
15.50
-20.55
3.82
9.84
-11.59
1.45
10.38
3.28
-12.71
0.23
17.57
-17.55
5.90
10.77
-11.69
1.47
7.36
-4.76
-16.90
-2.47
16.66
-16.88
6.80
11.34
-11.95
2.72
7.02
-3.19
-10.96
2.34
18.83
-19.02
3.26
7.24
-19.20
-0.35
6.41
-3.14
-7.15
4.57
19.29
-19.16
2.32
7.77
-16.38
2.24
9.33
-0.95
-7.91
2.02
15.96
-20.09
3.28
10.34
-12.90
5.26
9.99
-1.16
-8.24
0.09
12.65
-23.84
1.71
10.63
-13.10
4.55
8.51
-3.52
-7.80
0.91
15.31
