-18.25
5.00
9.30
-11.60
0.51
5.10
5.45
-18.06
2.86
12.00
-19.10
10.70
12.92
-15.40
1.69
6.84
-2.47
-15.98
4.50
16.87
-22.34
5.54
12.80
-19.30
2.75
9.29
-4.59
-3.14
5.87
17.24
-17.37
3.97
7.38
-24.10
4.25
7.84
-14.48
0.07
9.57
10.85
-18.14
3.28
14.61
-23.00
4.36
12.23
-13.98
1.55
8.26
-1.48
-14.20
1.87
16.12
-20.60
7.41
12.48
-18.11
2.97
6.08
-11.57
-7.45
5.13
14.62
-18.66
5.45
13.11
-21.52
5.15
9.59
-15.28
-1.06
11.52
10.30
-15.81
0.85
12.39
-28.05
-0.05
9.27
-15.20
4.90
9.85
-0.09
-9.41
0.87
11.79
-26.93
5.05
12.97
-17.77
5.80
9.38
-9.20
-7.83
5.55
15.67
-20.86
8.04
16.47
-20.30
4.18
7.94
-14.30
-6.58
6.83
13.88
-16.55
3.08
14.54
-20.64
4.91
8.71
-15.67
2.63
11.52
4.94
-13.34
2.42
11.66
-30.83
0.47
9.82
-17.46
5.31
11.68
-0.88
-8.30
3.66
14.59
-24.65
4.03
14.43
-18.96
4.20
7.82
-11.53
-6.21
6.13
14.34
-17.10
7.30
16.31
-21.99
5.15
7.69
-17.19
-5.59
9.01
11.28
-17.04
3.75
16.12
-22.37
4.97
10.08
-15.36
2.97
12.18
4.89
-12.59
1.86
12.41
-29.86
-0.10
9.56
-18.23
6.62
11.95
-2.08
-7.28
5.18
14.41
-24.92
5.55
15.47
-20.73
4.82
8.88
-11.34
-8.00
6.80
15.18
-19.41
6.15
16.03
-22.11
2.41
6.16
-14.84
-6.13
8.83
12.54
-17.05
4.32
14.82
-23.54
5.49
10.22
-16.02
1.90
11.72
6.16
-15.88
1.42
12.58
-29.30
1.46
10.16
-18.20
5.66
10.88
-1.75
-9.20
4.02
14.54
-25.09
5.22
14.70
-20.95
5.53
8.38
-11.86
-8.48
5.38
14.17
-19.82
7.86
16.08
-24.07
4.14
7.45
-16.25
-3.48
6.56
10.63
-15.36
2.94
9.19
-18.59
3.21
8.27
-12.90
4.02
8.57
9.30
-13.65
-0.07
9.68
-21.64
5.40
8.19
-13.99
2.30
6.80
5.40
-12.96
0.55
13.02
-18.91
6.71
9.61
-13.27
3.17
6.76
-0.70
-14.26
-0.08
14.85
-15.91
8.43
10.01
-15.04
4.41
5.98
-2.98
-9.05
2.25
15.75
-18.39
5.20
7.84
-18.68
5.52
8.48
-1.65
-4.00
5.32
16.45
-18.70
3.55
7.32
-20.34
3.70
6.97
-3.66
-3.97
3.44
12.18
-19.96
2.84
10.72
-18.03
7.58
9.27
-5.34
-3.30
2.20
7.88
-23.44
-0.34
10.24
-17.47
7.90
8.68
-7.43
-1.88
3.34
10.20
-18.57
3.86
13.90
-18.53
6.19
6.82
-12.70
-2.09
5.05
10.81
-13.41
4.55
14.05
-19.55
4.42
5.43
-13.88
-1.98
6.59
9.83
-12.18
2.73
12.16
-19.59
5.77
8.77
-11.98
2.79
10.02
8.63
-12.30
-0.07
10.11
-22.56
3.36
7.67
-13.30
3.76
9.60
3.77
-11.20
0.17
13.16
-18.39
6.72
10.03
-12.69
2.94
7.84
-2.44
-14.04
-0.29
14.77
-16.57
6.84
9.68
-15.34
2.09
6.14
-1.94
-10.73
1.99
15.81
-17.53
5.55
7.91
-17.80
4.45
8.51
-0.57
-6.16
4.16
16.35
-18.25
4.01
6.90
-18.49
2.57
8.61
-0.04
-7.68
2.44
13.69
-19.02
3.05
7.33
-16.11
4.45
10.50
0.51
-7.38
0.23
10.10
-23.52
1.54
8.30
-14.63
6.76
9.44
-1.46
-7.95
0.23
12.41
-19.68
6.05
11.89
-13.05
6.12
8.12
-6.22
-9.76
1.22
14.68
-16.37
6.92
12.53
-13.77
4.60
5.82
-4.83
-7.29
4.56
16.26
-16.36
5.59
10.73
-16.21
6.27
7.82
-3.48
-3.28
5.73
14.38
-18.51
2.00
7.06
-21.35
2.38
6.63
-4.12
-3.00
5.83
13.26
-17.96
2.98
11.00
-16.38
7.43
10.70
-2.46
-1.87
4.80
9.12
-22.19
-0.15
10.59
-16.73
8.41
9.67
-5.53
-3.16
2.84
9.70
-19.12
2.87
12.80
-16.36
6.53
6.69
-9.11
-5.19
3.16
11.38
-15.98
5.03
14.90
-16.55
5.01
4.85
-9.43
-5.63
4.25
12.71
-15.70
4.06
12.88
-19.39
6.33
8.16
-5.99
-0.02
9.33
14.23
-15.99
2.42
9.27
-23.66
2.20
5.87
-6.26
-0.70
6.39
11.19
-17.20
1.13
11.53
-18.63
7.09
9.87
-4.71
-0.89
5.98
8.79
-20.59
0.52
11.38
-17.29
8.40
9.54
-5.49
-3.66
2.38
7.95
-19.73
1.52
12.67
-17.36
6.35
6.85
-9.66
-3.42
3.82
10.95
-15.42
5.09
15.23
-16.56
6.18
5.36
-10.64
-4.48
5.11
10.85
-14.63
3.73
13.77
-19.25
6.48
8.01
-7.73
0.19
8.36
12.59
-14.93
1.88
8.90
-24.91
2.20
5.90
-7.40
0.21
6.92
11.18
-16.49
1.59
12.07
-19.04
6.83
9.96
-4.49
-0.60
5.98
8.90
-19.55
1.23
11.72
-15.51
8.47
9.36
-4.66
-5.59
0.17
4.20
-26.16
-2.86
7.92
-21.02
2.58
4.80
-6.68
-6.40
2.77
11.60
-18.38
6.30
11.63
-13.13
4.59
6.61
-10.08
-10.96
-0.32
8.90
-16.82
8.63
13.59
-14.03
3.91
6.76
-7.54
-4.07
10.05
14.91
-14.43
2.32
7.24
-21.41
3.27
9.54
-4.27
-2.41
8.35
12.59
-16.19
3.06
9.31
-16.92
4.90
10.34
-2.21
-4.27
7.60
8.71
-18.79
2.77
9.98
-13.14
8.02
12.55
-1.05
-6.16
3.73
8.22
-20.14
2.63
10.42
-13.37
5.80
8.63
-5.08
-7.09
6.02
11.31
-15.88
6.09
12.89
-12.13
6.01
7.02
-8.73
-11.06
2.37
12.02
-16.13
6.10
11.05
-14.65
5.38
6.27
-5.18
-5.84
9.84
13.41
-15.11
2.39
8.80
-21.32
3.23
7.13
-3.91
-5.51
6.65
14.33
-17.16
4.56
8.35
-16.50
3.49
10.04
-1.60
-5.06
6.95
10.21
-18.49
3.51
10.06
-12.55
9.23
12.80
-0.87
-5.38
4.04
8.85
-20.45
3.31
9.98
-13.39
5.63
8.91
-4.64
-7.10
7.19
12.23
-15.15
5.26
13.45
-14.60
6.66
6.50
-7.12
-14.11
1.24
11.59
-16.30
6.61
9.27
-14.04
4.02
5.72
-5.13
-7.13
5.71
15.92
-16.84
6.22
7.41
-18.28
1.79
7.96
-2.51
-7.48
5.94
14.96
-18.60
3.98
4.10
-15.70
1.05
9.23
-0.96
-8.12
4.04
12.71
-18.36
5.03
7.24
-11.45
5.59
14.55
3.52
-8.76
2.93
10.35
-19.35
4.65
8.51
-11.95
3.53
10.79
-0.60
-9.63
3.58
13.17
-16.74
7.25
9.99
-12.14
2.41
8.27
-4.73
-13.49
2.23
12.13
-14.90
6.84
10.47
-14.45
3.98
6.53
-2.63
-10.70
4.73
15.18
-16.53
6.95
5.80
-17.48
1.26
7.63
-1.74
-6.79
8.61
15.20
-16.10
2.23
5.74
-18.52
2.09
8.52
-0.17
-9.02
3.59
13.84
-17.70
6.18
6.59
-12.24
3.52
12.05
1.03
-8.26
3.76
9.67
-19.45
2.60
7.40
-14.00
4.00
9.70
1.84
-12.38
3.48
13.00
-17.45
7.76
9.49
-10.16
-0.06
8.92
-0.98
-15.81
1.56
12.16
-15.80
8.57
9.52
-11.63
-0.50
8.23
2.73
-12.62
4.22
14.96
-16.32
7.95
5.95
-14.63
-0.80
9.85
4.38
-8.76
7.52
15.82
-15.17
4.93
3.82
-15.23
-2.48
10.24
6.09
-10.26
4.27
14.13
-17.77
6.41
6.29
-11.77
0.58
12.03
5.78
-10.58
2.73
9.80
-22.00
3.48
6.00
-11.29
0.88
11.20
5.41
-12.27
3.50
12.78
-18.05
7.63
8.91
-10.88
-0.86
8.40
1.27
-16.02
1.14
13.12
-16.25
9.66
10.66
-10.64
-0.44
7.57
3.40
-11.74
2.20
16.45
-16.84
6.99
7.63
-14.77
0.42
8.91
5.80
-8.48
5.30
18.33
-17.05
4.65
4.36
-15.02
-2.21
7.72
5.88
-10.61
2.27
14.50
-19.46
4.84
7.10
-11.43
1.10
10.74
7.80
-11.49
-0.05
10.57
-24.84
2.23
6.96
-10.77
2.08
9.02
5.42
-12.27
0.02
12.67
-20.59
6.69
9.96
-9.38
0.70
7.76
3.88
-16.30
0.16
14.38
-17.55
8.86
10.18
-8.85
-1.54
5.52
3.54
-16.17
1.25
15.79
-18.15
6.43
7.10
-12.70
-0.86
8.91
9.12
-10.62
5.15
17.43
-18.27
5.37
4.46
-13.20
-3.91
6.60
7.77
-13.48
2.44
13.74
-20.36
6.07
7.40
-7.93
-0.16
8.86
11.05
-14.77
1.49
10.48
-24.55
2.69
5.90
-8.56
0.62
8.08
9.99
-15.14
1.24
12.84
-18.54
6.93
8.88
-5.55
-1.27
5.35
7.48
-19.52
0.27
12.30
-16.32
8.87
8.99
-5.56
-4.64
2.47
8.02
-20.57
0.97
12.22
-15.42
6.95
7.39
-7.41
-4.80
3.59
13.07
-16.19
5.77
14.78
-14.72
6.13
5.14
-9.78
-8.91
2.45
13.26
-16.19
4.86
13.48
-15.94
6.57
6.35
-5.39
-3.86
6.49
15.83
-16.30
2.89
8.75
-20.86
2.82
6.13
-4.38
-3.89
4.95
14.34
-17.73
1.73
9.90
-16.85
5.71
9.30
-1.86
-5.02
3.96
11.72
-19.02
3.20
10.69
-14.00
8.46
11.33
-0.80
-5.73
1.46
10.66
-20.23
3.02
11.78
-14.55
6.45
7.64
-5.88
-7.78
2.45
14.17
-16.86
5.81
13.42
-13.45
5.80
5.73
-7.95
-11.24
0.70
13.43
-16.37
5.09
11.16
-16.02
4.94
6.10
-4.86
-7.52
3.84
16.03
-17.20
3.87
7.58
-19.59
1.31
7.30
-0.74
-6.10
4.67
16.70
-17.84
3.30
7.33
-15.70
2.28
10.43
3.77
-7.41
2.47
12.29
-19.59
4.65
9.51
-12.77
4.52
11.38
4.38
-9.36
0.54
13.09
-20.37
5.04
10.38
-11.63
4.02
8.91
-0.67
-10.54
1.57
15.45
-17.38
7.17
11.31
-12.16
3.56
7.43
-3.81
-13.83
-0.48
14.44
-16.95
6.43
9.65
-14.71
2.90
8.28
0.40
-9.74
3.45
17.48
-17.66
4.91
6.06
-17.96
-1.92
6.98
2.45
-9.43
3.00
15.77
-19.57
3.30
5.35
-15.22
-0.39
9.90
6.80
-10.09
2.39
12.55
-21.64
4.55
8.41
-11.13
2.90
11.66
8.42
-11.46
0.22
11.43
-23.68
3.38
8.97
-11.48
1.18
8.41
3.53
-13.77
1.04
15.08
-19.03
7.43
10.66
-9.63
0.61
6.81
1.59
-16.89
-0.51
14.52
-18.67
6.92
9.16
-10.85
-0.07
8.47
7.09
-12.55
3.46
16.95
-18.62
5.53
6.43
-15.05
-3.63
6.44
7.68
-12.00
3.19
15.41
-20.41
4.45
5.58
-11.48
-1.72
8.75
10.53
-12.87
2.12
12.25
-21.92
5.71
8.98
-8.70
3.14
11.18
11.14
-14.06
0.26
11.20
-24.23
3.38
8.28
-9.14
0.63
8.14
9.20
-15.45
1.02
13.78
-18.46
7.68
10.30
-6.09
-1.66
4.29
6.56
-20.98
-0.67
12.72
-16.94
8.23
9.42
-6.44
-2.31
4.11
10.57
-18.02
3.69
15.83
-15.51
7.32
7.38
-10.73
-5.75
3.75
11.70
-15.37
4.31
14.71
-18.31
4.69
5.48
-9.15
-4.98
5.69
14.42
-16.55
3.68
12.09
-19.28
6.45
8.95
-4.59
-1.58
7.07
15.77
-17.73
1.44
8.15
-22.00
2.02
7.07
-3.46
-5.28
4.80
14.84
-18.11
3.30
10.47
-15.74
6.16
9.91
-1.87
-6.95
1.22
11.16
-23.46
0.87
9.48
-14.19
6.27
11.12
0.30
-6.94
0.93
14.29
-19.60
5.41
11.21
-13.74
4.03
7.55
-4.68
-11.91
0.66
15.54
-16.77
7.55
12.07
-14.73
1.59
6.68
-2.02
-10.59
2.65
17.41
-17.46
5.55
9.22
-16.13
1.95
8.18
2.40
-7.85
4.20
16.20
-21.55
-0.65
2.23
-15.70
0.54
8.64
4.73
-11.46
2.11
14.98
-18.98
5.30
8.56
-12.92
0.85
10.31
7.44
-11.65
0.02
10.84
-25.40
1.49
7.18
-12.16
2.52
11.09
6.44
-11.98
-0.15
13.80
-20.43
5.89
10.19
-10.40
1.74
8.71
1.32
-15.18
-0.32
15.22
-18.44
8.19
11.16
-10.63
-0.71
6.28
1.85
-14.91
0.43
16.01
-19.21
5.48
7.55
-14.34
-0.95
8.08
6.57
-11.84
3.75
17.39
-19.20
5.38
5.30
-15.04
-4.42
6.48
8.04
-13.38
2.80
15.34
-20.09
6.05
8.28
-8.80
-0.59
8.77
13.00
-15.82
1.65
10.84
-23.42
2.55
7.07
-6.79
-1.34
6.64
13.48
-16.40
1.02
11.53
-18.66
6.19
9.55
-4.68
-4.05
4.29
10.13
-21.20
1.55
13.14
-15.09
9.16
11.12
-3.66
-4.83
2.62
10.52
-20.22
1.77
13.83
-15.59
7.26
8.67
-8.66
-5.46
3.64
13.98
-16.40
5.34
14.90
-15.45
5.70
5.72
-9.75
-9.39
2.47
14.75
-16.53
4.76
12.74
-16.37
5.34
6.95
-5.46
-6.16
5.73
17.16
-17.17
3.05
7.55
-20.44
1.81
7.87
-2.05
-5.77
4.55
16.12
-17.59
2.42
7.66
-17.41
2.71
9.57
0.34
-9.39
1.88
12.38
-20.98
3.55
8.11
-13.21
3.90
10.67
4.01
-11.36
-0.37
13.66
-20.91
3.87
10.32
-11.69
4.59
9.65
-0.84
-10.66
1.92
16.26
-16.70
8.08
11.81
-12.06
1.90
6.63
-3.41
-15.20
0.34
15.57
-17.70
6.18
9.69
-14.42
0.80
7.54
2.25
-11.33
3.05
17.98
-17.33
5.16
6.70
-16.77
-2.23
8.05
5.05
-8.99
4.50
17.32
-18.52
4.73
6.18
-13.90
-0.59
9.45
5.92
-13.14
0.37
11.17
-23.14
2.61
7.33
-11.30
2.13
11.44
8.03
-12.76
-0.68
13.20
-22.24
4.32
10.17
-10.56
1.31
9.00
3.59
-12.95
1.02
15.58
-19.16
7.66
10.99
-10.16
0.54
7.09
0.68
-16.94
-0.77
14.97
-19.00
6.50
8.71
-13.47
-6.54
0.50
-3.13
-18.55
0.41
18.82
-17.45
6.29
5.21
-17.86
-8.01
6.09
6.93
-11.45
6.24
14.32
-18.37
4.61
6.44
-12.71
-1.09
12.10
9.13
-12.63
1.27
12.50
-22.16
6.07
7.70
-8.12
-0.95
12.34
10.01
-12.63
0.54
13.13
-22.36
4.97
8.93
-9.77
-0.15
8.78
6.51
-14.68
1.52
15.49
-17.88
9.16
11.07
-8.15
-1.40
6.45
4.41
-18.31
1.08
15.31
-16.81
9.27
10.13
-8.91
-1.60
7.64
9.10
-14.65
3.41
17.03
-17.23
7.24
6.91
-13.44
-5.99
5.70
10.03
-14.29
3.61
16.20
-18.07
6.70
5.36
-10.66
-3.92
7.41
11.53
-15.48
1.63
10.59
-22.95
5.23
7.73
-8.09
0.08
9.68
14.05
-16.69
-0.18
10.17
-21.59
4.96
8.53
-6.22
-2.13
6.95
12.29
-18.02
0.66
11.95
-17.50
8.80
10.87
-4.67
-3.41
3.16
7.66
-21.87
0.18
12.16
-15.91
8.04
8.95
-6.44
-6.02
3.24
13.73
-18.31
5.16
14.45
-14.53
7.12
7.73
-9.30
-9.23
2.64
14.90
-16.29
6.76
13.68
-14.44
5.61
6.22
-5.57
-7.82
3.70
16.09
-17.98
3.68
7.27
-18.52
3.40
8.17
-2.09
-6.29
5.23
17.69
-18.02
3.19
6.28
-18.20
0.91
7.70
-0.80
-10.25
2.09
14.44
-19.48
4.13
7.84
-13.86
3.30
11.40
3.05
-10.68
-0.05
11.38
-23.43
2.15
7.85
-13.11
3.17
9.42
0.60
-10.86
0.68
14.60
-19.78
7.07
10.65
-11.07
1.88
8.57
-2.03
-15.79
-0.61
15.41
-17.79
7.54
9.95
-12.28
0.34
7.20
2.44
-13.04
1.73
16.98
-18.94
6.01
6.65
-15.54
-0.52
9.05
4.85
-9.79
4.52
18.73
-18.10
5.32
5.31
-14.75
-2.41
9.83
7.56
-11.82
1.76
15.46
-20.89
5.56
7.37
-10.77
0.63
11.08
9.38
-13.07
-0.10
11.83
-25.18
2.62
6.83
-10.29
1.27
10.52
8.76
-12.30
0.51
15.09
-19.96
7.04
10.20
-8.62
-0.08
8.72
4.55
-18.40
-0.86
14.95
-18.88
8.82
10.28
-9.30
-1.88
5.44
5.65
-16.81
1.37
16.74
-17.75
7.59
7.00
-12.67
-3.66
6.27
10.52
-14.30
3.95
17.57
-17.56
6.42
5.40
-11.75
-4.95
6.96
11.26
-14.94
1.78
13.82
-20.76
6.59
7.87
-8.35
-1.12
8.77
13.01
-15.59
0.86
10.17
-24.30
2.51
6.11
-7.84
-1.28
6.23
11.58
-17.16
-0.27
11.91
-19.40
6.73
9.51
-5.63
-3.05
4.94
9.77
-21.98
-0.31
11.70
-16.12
8.48
9.98
-5.40
-5.88
0.94
9.72
-21.71
2.17
12.62
-14.23
6.60
7.51
-7.84
-8.33
2.55
15.63
-16.10
7.37
14.36
-13.22
5.34
5.92
-7.09
-10.64
2.31
15.95
-16.91
4.80
10.72
-16.63
4.07
7.31
-3.68
-7.01
5.30
17.80
-17.41
3.15
6.31
-19.36
1.08
8.52
-0.12
-7.31
4.66
17.16
-16.34
4.19
8.26
-14.52
2.57
10.55
2.22
-10.05
1.91
12.23
-22.25
2.25
7.87
-13.63
3.81
10.13
1.40
-11.85
-0.83
12.89
-21.39
4.24
10.24
-12.14
2.98
8.45
-2.80
-12.45
0.77
15.83
-17.40
7.64
11.47
-11.28
1.38
7.66
-1.74
-14.69
0.19
16.01
-18.12
5.01
7.70
-15.10
-0.52
8.38
3.72
-11.27
3.43
18.36
-18.12
3.62
4.67
-16.18
-3.58
8.31
5.03
-10.93
2.51
16.67
-18.55
6.10
8.17
-10.76
0.87
11.43
8.47
-12.34
1.15
13.13
-23.66
3.32
7.58
-10.55
1.35
11.23
8.18
-14.28
-1.62
13.79
-21.03
5.80
10.04
-8.74
0.49
8.79
4.43
-16.08
-0.10
14.70
-18.39
8.75
10.38
-8.03
-2.22
4.97
4.22
-19.27
0.66
15.70
-16.54
7.80
8.76
-9.48
-4.19
3.72
10.52
-17.69
2.30
14.70
-16.95
4.92
4.49
-11.87
-9.09
3.02
12.03
-16.54
3.35
13.55
-16.67
6.97
7.27
-7.04
-4.38
7.13
16.45
-16.47
3.00
10.02
-20.62
2.71
7.09
-4.90
-3.90
6.19
16.09
-18.02
1.24
8.71
-17.28
3.24
8.99
-1.18
-8.23
2.28
12.31
-19.95
3.68
10.05
-12.35
6.87
11.70
1.20
-8.60
0.70
12.61
-21.53
3.73
10.36
-11.72
4.85
10.52
-0.71
-10.19
1.80
15.94
-17.20
6.83
12.20
-11.98
3.84
7.16
-5.27
-14.57
0.08
15.66
-16.15
7.09
10.63
-12.91
2.81
6.88
-1.50
-11.05
2.98
17.73
-17.08
4.50
6.47
-17.08
-0.88
8.84
2.37
-9.18
4.14
17.61
-18.82
3.17
5.63
-14.69
-0.49
9.84
4.96
-11.10
0.84
12.28
-21.86
3.94
7.44
-10.44
2.47
11.91
7.32
-12.86
-0.91
12.55
-23.06
3.43
8.34
-10.39
-0.10
9.32
5.10
-13.88
0.27
15.72
-19.33
7.62
10.16
-8.84
-0.92
6.57
2.90
-17.84
-0.48
14.76
-18.63
7.72
8.74
-9.88
-1.75
7.05
9.64
-15.19
3.09
16.55
-17.03
6.39
6.72
-12.62
-6.80
4.14
10.26
-15.15
2.70
15.48
-18.72
5.42
5.15
-9.80
-3.71
6.11
12.88
-15.75
2.77
11.36
-21.12
5.25
7.87
-6.04
-0.34
8.68
14.90
-17.54
0.89
9.83
-20.31
3.55
8.69
-3.66
-4.75
4.77
13.70
-19.07
1.14
9.39
-15.30
5.18
9.45
-1.70
-8.89
-0.03
10.43
-23.34
1.38
7.45
-13.77
3.57
10.14
0.34
-9.20
1.38
14.56
-19.30
5.61
10.63
-11.34
1.72
7.64
-3.46
-15.13
-1.31
14.68
-17.66
6.68
10.76
-11.75
0.86
8.06
