4.00
1.05
2.87
0.61
-0.95
1.27
-2.98
2.66
-3.38
0.86
-1.66
-1.64
1.72
-3.75
3.92
-3.58
3.65
0.91
1.37
2.41
1.28
1.39
2.73
-1.42
4.17
-2.49
3.79
-1.63
2.20
-1.22
-0.04
-2.64
1.12
-3.78
2.72
-2.24
2.33
0.55
0.06
3.20
-0.75
4.23
-0.66
3.26
3.15
-0.02
1.68
-0.82
-0.52
1.68
-4.05
3.30
-5.45
2.80
-3.09
2.04
-1.09
1.02
-0.25
2.96
-1.65
4.18
-1.09
3.27
1.35
1.27
3.15
0.34
1.72
0.09
-1.19
2.24
-3.27
1.39
-2.56
-1.27
2.40
-3.80
4.55
-3.07
3.73
0.77
1.52
2.11
0.71
1.02
3.76
-2.09
3.88
-2.62
2.49
-1.66
0.70
-1.28
1.22
-2.97
3.54
-1.85
3.10
0.77
1.23
3.91
-0.11
4.43
0.23
1.54
2.28
-1.69
1.56
-1.08
-1.37
3.22
-4.28
4.24
-4.54
2.38
-0.70
0.60
0.83
1.64
-0.12
4.24
-1.51
3.77
-0.55
2.14
0.73
0.08
-1.50
0.89
-3.91
2.19
-3.41
1.95
-0.36
-0.40
3.16
-1.67
5.13
-0.63
3.18
2.71
0.41
2.50
-0.43
-0.55
3.27
-3.62
3.37
-4.75
2.77
-2.36
1.73
-1.16
1.46
-1.34
3.00
-1.45
3.79
0.27
1.90
2.74
0.75
2.88
0.30
0.20
1.02
-2.70
1.73
-2.81
1.27
-0.22
-3.04
2.47
-4.41
4.91
-2.36
2.95
1.03
1.48
0.98
0.83
0.88
4.12
-1.21
3.73
-1.16
4.19
-0.68
1.52
-0.45
0.63
-1.63
-0.08
-3.38
2.65
-4.12
1.37
-1.45
0.79
1.49
-2.16
4.24
-2.22
4.77
-2.29
1.91
1.27
1.49
1.93
0.40
1.85
1.98
-1.10
3.74
-1.88
2.67
-3.57
2.41
-0.68
0.43
-1.07
1.34
-1.34
0.91
-3.39
3.27
-3.70
1.06
-1.77
1.32
0.05
-2.05
4.47
-1.79
3.97
-2.40
4.46
-0.75
1.38
1.66
2.03
0.80
0.43
2.18
2.80
-1.39
3.72
-0.59
3.11
-2.53
3.84
-0.84
0.46
1.16
0.57
-1.30
-0.43
-0.26
0.30
-3.05
2.69
-3.73
1.14
-1.83
1.02
-2.70
-3.01
2.23
-3.53
2.66
-4.34
4.37
-4.69
3.56
-2.15
1.09
-0.09
2.04
0.51
0.49
-1.14
3.43
-2.26
3.23
0.34
3.91
-0.08
2.39
4.26
0.03
2.77
-0.16
2.09
-0.90
2.86
1.64
-2.13
1.63
-0.62
0.46
-1.86
1.15
0.11
-2.48
2.96
-3.64
1.73
-4.25
5.35
-4.16
1.98
-0.69
1.49
-2.66
0.83
-2.61
0.06
-1.11
1.55
-5.11
3.15
-3.30
1.34
-2.74
2.35
-2.82
-0.06
0.41
-3.92
1.81
-2.75
4.44
-3.75
5.74
-2.66
2.04
-0.16
1.75
-1.05
-0.06
1.08
2.18
-1.96
4.05
-0.79
4.00
-0.21
1.60
0.22
1.05
-1.64
0.59
-3.82
2.62
-3.13
1.85
0.07
-0.95
2.67
-2.20
4.62
-1.11
1.78
2.40
0.62
2.47
0.31
-1.50
2.54
-4.45
3.96
-4.18
1.47
-2.37
0.86
-1.16
1.95
-2.59
2.84
-1.51
3.84
0.98
0.56
2.39
0.09
0.68
-0.13
-1.80
2.45
-2.99
1.22
-2.58
-3.16
2.64
-3.18
4.62
-1.84
2.76
0.81
-0.08
1.81
0.27
-0.92
3.55
-3.01
3.91
-3.56
1.09
-2.03
0.98
-2.16
1.69
-3.28
2.98
-1.60
2.96
0.24
1.17
3.72
-0.54
3.13
-1.22
1.12
2.24
-1.10
1.25
-2.48
-0.12
1.60
-3.81
2.32
-4.65
4.31
-1.35
2.43
-0.49
0.98
0.42
2.99
-2.00
3.34
-0.71
3.74
0.55
0.63
-0.23
0.88
-1.09
0.84
-4.20
1.82
-3.90
0.89
-1.39
-2.08
2.32
-2.60
3.70
-2.59
2.24
1.09
1.75
1.93
-0.13
1.49
2.80
-2.55
3.72
-3.90
3.70
-1.97
1.11
-1.91
0.56
-2.06
1.12
-4.40
3.01
-1.77
3.05
0.52
0.09
2.92
-0.80
3.23
-1.33
3.27
2.18
-0.52
2.44
-1.61
0.36
0.70
-3.27
3.41
-4.66
4.05
-4.77
2.15
-1.29
1.72
-1.47
1.02
-0.53
4.05
-1.18
3.38
-0.27
3.61
2.55
0.80
1.55
-0.46
0.94
0.26
-2.80
1.30
-1.17
0.23
-3.76
-0.81
0.29
-6.20
1.99
-5.90
2.26
-1.05
1.34
0.34
1.19
2.80
4.17
-1.30
4.08
-2.73
2.74
-1.85
-0.34
-1.60
-0.46
-1.76
0.44
-3.44
2.76
-2.96
1.73
-0.59
0.98
-0.37
1.23
0.33
-1.53
-0.41
-1.86
3.36
3.48
5.48
0.47
0.16
-4.04
1.55
-0.45
5.59
0.06
2.23
-2.61
0.73
-0.96
2.81
0.42
1.87
0.52
-0.19
-1.27
1.71
0.20
0.63
1.72
1.27
0.19
1.05
1.50
-0.14
0.15
-0.03
2.07
-0.07
0.02
-0.02
0.21
0.17
0.05
0.02
1.77
-0.68
-0.08
0.05
1.43
-0.55
1.27
0.16
1.08
0.21
0.71
-0.25
0.95
0.59
1.20
0.21
-0.20
0.17
-0.15
0.05
-0.18
0.02
-0.06
0.06
-0.03
1.58
-0.02
-0.09
-0.15
0.15
0.05
1.00
-1.15
2.21
-0.44
1.63
-0.70
0.95
-0.04
1.34
-0.34
1.06
-0.67
0.66
-0.23
0.63
0.20
-0.22
0.18
-0.22
0.16
-0.16
0.10
-0.10
0.05
-0.04
-0.02
-0.05
0.02
-0.04
0.02
-0.01
-0.03
0.02
1.60
-0.48
-0.05
-0.52
0.63
0.07
0.82
0.02
1.33
