5.69
0.11
-0.53
-0.73
0.14
0.21
1.17
0.27
0.64
-0.84
0.15
-2.38
-0.09
-0.55
0.81
0.28
0.52
-0.16
-0.39
-0.60
-0.94
0.67
-0.41
1.81
1.47
2.28
-0.92
0.45
-0.92
1.73
0.12
2.14
0.08
1.35
-0.51
0.67
-0.48
0.10
-0.66
-0.41
-0.27
1.36
0.84
0.31
-0.25
-1.42
-0.78
-0.41
0.32
0.85
2.05
0.82
0.66
1.02
-1.62
-2.50
-3.25
0.78
-0.09
-0.29
0.67
5.06
-1.30
-3.45
1.09
6.06
-5.41
-5.13
8.11
7.63
-12.63
-0.84
12.56
-4.16
-18.34
11.70
12.94
-21.15
-5.53
20.54
-13.13
-23.66
21.05
9.54
-24.72
7.98
23.63
-17.05
-5.27
19.18
-8.29
-9.88
12.70
-1.22
-4.38
8.30
-4.91
-2.38
9.66
-5.99
-4.62
12.65
0.27
-7.72
5.20
1.88
-4.01
-6.60
2.78
10.82
-9.30
-8.19
23.21
-4.52
-18.25
24.72
8.27
-19.59
16.53
11.95
-16.04
5.69
2.48
-6.00
2.68
1.59
1.34
6.57
-1.28
3.73
-1.63
-2.46
8.42
-6.06
-5.37
17.54
-6.46
-10.52
19.26
-7.39
-12.54
16.53
3.80
-7.48
8.15
7.88
-1.38
-6.52
2.14
6.05
-12.16
-1.66
14.50
-9.47
-0.70
11.03
-9.66
-0.05
6.37
-8.61
3.18
7.84
-4.25
1.34
1.37
0.03
-5.04
-5.52
11.76
-0.70
-8.60
17.80
3.43
-18.04
9.92
1.42
-14.66
2.44
5.68
0.66
-2.18
0.87
6.45
-8.91
-6.86
12.05
-5.52
-1.98
12.55
-6.95
-0.80
4.05
-12.77
0.33
4.51
-5.84
3.38
3.92
0.94
-5.38
-8.06
10.12
-1.73
-11.87
18.43
3.02
-14.39
10.87
-0.81
-10.55
1.15
2.91
2.84
-2.62
3.55
13.49
-8.67
-2.13
10.94
-9.70
2.11
9.80
-5.05
7.18
2.96
-7.12
4.63
-1.12
-0.28
3.45
1.54
10.20
-3.46
-5.05
12.14
-14.27
-12.76
15.42
-6.49
-3.52
11.71
1.32
-1.97
-5.22
5.14
4.69
-12.17
11.60
11.05
-11.59
6.77
-0.27
-11.09
5.49
-2.35
2.38
8.76
-1.59
5.51
-1.20
-3.61
4.24
-8.74
1.99
11.02
-11.70
7.98
11.63
-12.79
1.95
5.73
-6.26
1.27
2.35
9.35
-0.62
-9.70
9.95
-6.34
-16.27
9.70
-1.39
-6.42
10.20
-4.30
-1.18
0.00
-5.73
2.16
-3.20
0.14
9.96
-5.45
1.98
2.61
-16.55
2.76
3.15
-10.68
8.45
4.88
-5.02
3.33
-3.39
1.54
-4.23
-4.98
11.88
-3.96
-5.34
14.63
-8.92
-6.36
9.70
-7.06
0.74
6.91
0.81
4.26
-3.55
-0.52
3.38
-11.60
4.41
5.21
-7.81
9.46
2.54
-7.52
6.04
-4.63
-7.41
5.10
-1.91
5.38
1.88
-0.87
4.65
-10.50
-6.02
10.48
-10.10
1.98
12.15
-7.21
1.62
1.70
-4.91
2.32
-2.51
3.82
5.16
-7.62
8.01
-0.50
-10.87
6.55
-2.79
-6.71
11.39
-2.45
-0.18
6.36
-5.11
0.32
-1.10
0.00
7.30
-5.48
2.40
10.17
-10.77
4.76
7.30
-10.55
3.05
4.02
-2.88
5.11
-2.62
-0.36
0.12
-9.69
6.04
0.05
-5.02
9.90
-3.35
-5.71
8.38
-8.93
-2.73
5.59
-4.16
1.96
0.20
-1.41
2.08
-9.63
-0.60
5.60
-11.79
6.41
7.51
-8.73
3.41
-1.52
-8.45
4.02
-3.68
2.01
2.87
-6.50
6.01
-2.12
-4.48
10.09
-4.76
-3.16
10.20
-8.17
0.86
5.20
-6.84
2.37
-0.11
-1.90
6.31
-4.24
3.80
5.13
-11.06
6.18
2.03
-9.36
7.84
1.65
-3.14
7.79
-3.88
0.72
0.05
-5.48
5.41
-2.71
-2.48
10.52
-6.66
-3.05
6.15
-13.17
-0.03
4.88
-4.66
5.83
0.91
-2.24
2.79
-7.78
2.71
2.21
-8.35
8.47
0.90
-7.63
7.81
-5.87
-7.37
6.81
-4.23
2.84
2.96
-4.04
4.55
-5.41
-4.28
9.06
-7.83
0.06
10.37
-7.62
4.10
4.84
-5.68
4.51
-0.46
-1.42
6.94
-3.52
4.77
2.28
-8.38
3.20
-5.52
-8.63
8.95
-3.65
-2.61
9.13
-6.16
0.85
0.38
-5.08
4.06
-3.52
-0.46
10.31
-7.52
0.13
3.69
-13.38
1.58
2.81
-4.54
6.88
-0.01
-2.52
3.87
-8.16
2.35
1.52
-5.57
7.82
-0.22
-4.16
8.48
-7.37
-4.21
8.88
-5.97
3.71
7.25
-2.29
3.55
-3.85
-4.01
4.70
-9.01
1.12
7.56
-7.62
5.22
3.45
-7.59
3.64
-3.88
-5.40
6.12
-2.49
5.70
3.52
-7.13
2.60
-5.94
-7.95
7.02
-4.77
-1.52
9.21
-7.64
0.09
0.86
-8.30
1.30
-0.59
-0.31
8.52
-4.80
0.27
3.13
-12.54
1.98
2.54
-6.84
8.13
2.39
-3.23
6.50
-5.66
0.34
2.76
-5.91
6.64
1.09
-2.99
8.16
-5.56
-4.46
7.19
-8.55
1.70
6.16
-5.00
3.23
-0.93
-4.75
3.67
-6.29
-1.39
5.51
-7.20
7.05
5.17
-8.35
3.90
-4.86
-10.02
6.41
-2.87
2.45
5.84
-4.98
2.41
-2.91
-6.46
6.09
-4.59
-0.72
11.50
-5.20
2.95
1.85
-9.79
0.91
-1.20
-3.25
7.95
-3.19
-0.23
2.99
-11.04
4.02
2.52
-7.05
8.38
1.91
-3.73
9.05
-5.15
-2.73
2.30
-7.75
3.46
2.40
-1.54
8.73