-2.46
0.73
0.55
0.09
-0.45
-0.56
-0.80
0.00
0.39
0.63
0.82
0.52
-0.27
-0.16
-1.02
-0.19
-0.09
0.51
0.40
0.77
-0.57
-0.74
-0.55
-0.99
0.89
0.31
1.99
0.98
-0.05
-0.27
-0.86
0.05
-0.47
0.47
-0.25
0.30
0.27
2.28
2.19
1.51
0.62
-0.90
0.99
0.20
0.70
0.94
2.02
1.13
-0.81
0.05
-0.98
-0.55
-0.68
0.35
3.03
2.02
-1.81
-1.58
1.33
-3.73
-4.12
1.09
3.91
-0.67
0.45
7.38
1.54
-8.64
-4.98
9.93
-1.81
-11.33
5.27
15.89
-10.34
-7.83
21.23
4.69
-20.69
8.88
24.17
-16.22
-12.96
24.63
-8.84
-30.38
11.91
12.36
-24.16
1.06
19.20
-12.41
-4.25
16.33
-6.61
-5.21
9.66
-6.07
-0.60
10.11
-9.13
-0.99
15.73
-5.62
-7.38
13.34
2.53
-8.16
0.77
2.79
-2.02
-11.56
0.21
15.52
-10.96
-12.56
21.85
-6.86
-19.04
20.64
5.23
-15.30
14.24
4.42
-10.63
4.96
-3.15
-6.18
5.45
-1.67
-0.23
5.55
-2.38
0.37
-4.93
-1.20
9.65
-8.08
-3.09
18.99
-9.04
-11.86
18.98
-8.91
-15.23
15.77
2.98
-8.70
7.48
5.64
-3.00
-4.18
1.98
7.79
-6.09
1.33
12.57
-8.47
-0.55
8.76
-11.41
0.66
12.30
-8.86
1.57
12.98
-7.52
-2.34
5.91
-2.38
-6.18
-2.19
9.59
-1.49
-11.13
11.75
4.05
-16.35
9.17
10.88
-12.15
8.00
11.80
-3.89
0.13
-1.84
-0.20
-0.78
-2.49
6.27
1.54
-1.91
6.52
-4.88
-5.68
9.14
-7.99
-5.78
15.70
-4.95
-5.61
13.48
-2.32
-8.34
3.05
5.19
-1.00
-3.76
9.34
9.99
-12.81
0.32
8.89
-18.21
-5.38
14.00
-6.23
-1.38
6.20
-5.20
-1.48
-1.30
-2.69
3.56
-1.47
3.18
2.38
-5.38
3.84
-5.02
-10.63
9.27
-0.59
-9.38
16.94
5.52
-12.70
4.72
-0.70
-9.19
-2.66
3.83
5.28
-7.70
-2.29
9.17
-11.63
-10.52
12.56
-4.45
-2.80
14.42
-0.29
-0.98
3.20
-5.22
-0.78
0.45
-1.91
5.63
1.69
1.31
0.77
-8.57
4.69
2.20
-10.98
9.95
8.62
-10.86
7.22
5.91
-12.97
-1.34
4.25
-1.03
-0.32
1.57
10.10
-2.11
-8.95
8.98
-3.13
-11.82
11.48
2.47
-4.56
8.46
-3.64
-2.68
3.70
-3.26
2.88
3.38
1.34
5.25
-2.79
1.00
2.57
-12.87
2.30
9.04
-9.25
6.51
13.12
-7.14
-0.18
3.00
-5.96
-1.92
0.23
5.26
1.20
-8.33
5.88
-1.04
-15.23
4.48
1.38
-7.91
10.95
4.02
-4.78
4.12
-5.45
-3.27
1.82
-0.98
5.92
0.77
-0.24
5.64
-8.43
-4.05
8.83
-7.55
-0.30
13.68
-5.06
-1.55
6.24
-5.95
-3.02
0.36
0.83
4.70
-2.09
4.06
5.56
-9.76
5.27
7.21
-9.25
7.08
6.96
-5.81
6.51
1.01
-6.15
1.37
-2.77
1.04
1.85
-2.09
7.07
-1.34
-5.54
7.07
-5.59
-9.00
10.13
-1.95
-3.37
7.84
-3.59
-3.13
0.89
-3.20
1.58
-2.35
2.02
9.57
-5.38
0.84
4.94
-11.72
0.63
6.66
-6.81
5.93
5.29
-4.13
3.14
-2.63
-1.74
0.88
-3.69
8.59
3.31
-5.48
9.66
-3.05
-10.06
9.09
-1.99
-4.10
8.75
-0.84
1.47
2.35
-4.04
2.63
-3.41
-2.13
8.92
-4.43
-0.94
6.69
-10.48
1.41
7.58
-7.78
4.52
6.16
-4.10
3.59
-1.37
-2.96
1.67
-4.00
4.68
2.49
-6.48
8.11
2.39
-7.80
7.27
0.80
-7.31
6.76
0.81
-0.95
4.15
-2.57
1.57
-0.45
-4.85
6.71
-2.73
-3.60
9.73
-4.98
-2.91
6.01
-9.38
-0.94
6.33
-4.34
4.14
2.45
-3.45
2.80
-4.95
0.63
4.27
-6.14
8.17
7.42
-7.99
6.23
-0.35
-10.02
5.37
0.16
-0.64
4.13
-3.93
2.83
-0.75
-6.70
5.75
-3.06
-4.51
11.12
-4.13
-1.80
5.95
-9.07
-0.58
4.83
-4.14
5.69
2.53
-1.49
4.02
-5.87
0.42
2.32
-10.17
5.96
6.10
-8.71
6.36
0.64
-7.82
5.17
-2.66
-1.47
4.15
-2.13
5.91
1.33
-5.92
5.93
-4.84
-5.49
11.38
-1.31
3.35
9.23
-5.62
0.73
1.88
-5.31
3.94
0.02
1.02
7.63
-4.17
2.69
1.27
-10.98
3.92
3.52
-5.37
8.83
1.32
-4.09
3.68
-4.20
1.61
2.42
-2.52
8.09
1.06
-3.05
8.13
-5.91
-4.59
7.80
-5.13
3.92
7.74
-4.93
2.51
-1.19
-5.23
5.37
-3.89
1.12
6.29
-7.05
5.16
3.01
-9.58
5.48
0.71
-6.23
9.15
0.23
-0.34
5.16
-5.64
2.47
-0.33
-5.63
8.50
-0.41
-1.73
12.70
-4.76
-0.40
3.22
-10.27
0.13
2.51
-1.63
6.84
-2.53
-2.25
1.24
-11.77
2.00
1.98
-6.56
7.70
1.60
-5.97
7.52
-6.02
-5.16
5.13
-4.57
6.13
5.28
-2.78
5.70
-5.45
-5.70
8.80
-6.54
1.18
9.98
-4.56
3.65
3.96
-6.86
2.33
-2.78
-3.98
7.20
-2.35
3.55
5.43
-7.57
3.66
2.82
-7.63
7.22
2.87
-3.46
9.80
-0.84
-2.57
3.91
-4.81
2.98
4.85
-2.45
5.85
-0.95
-4.54
4.13
-7.46
-6.21
6.35