2.74
0.77
0.18
-0.30
-0.46
-0.48
0.34
0.52
0.81
0.77
0.39
0.01
-0.30
-0.09
-0.02
-0.01
0.63
0.37
0.64
-0.09
0.40
-0.02
-0.86
-0.46
0.03
0.57
1.11
0.21
-1.05
-1.24
0.22
-0.65
-0.18
1.09
-1.25
-1.54
0.24
3.91
3.23
-2.61
-8.16
-5.73
3.12
6.06
3.37
-5.19
-5.04
0.94
3.08
-1.90
-3.10
2.83
5.18
-0.39
-5.11
1.97
6.73
-0.80
-8.68
-5.29
2.97
4.52
6.46
5.75
-8.13
-13.91
2.45
18.23
4.62
-11.48
-4.16
3.10
5.43
10.96
1.09
-22.91
-17.73
13.28
16.55
2.02
-8.46
-11.50
-3.84
15.88
12.97
-7.91
-9.66
-3.89
8.57
22.07
2.40
-20.72
-6.40
6.63
7.81
9.72
-2.30
-16.30
-1.30
7.13
3.48
-1.35
-12.38
-8.41
11.15
5.78
-1.42
-0.68
-7.02
0.08
7.48
0.89
1.01
-0.81
-4.62
8.43
-0.94
-9.50
-0.59
0.05
1.93
5.40
-5.40
0.98
6.34
-2.42
7.49
-3.41
-13.66
8.30
8.55
1.04
3.53
-16.78
-3.02
14.07
-0.79
6.20
-3.53
-16.81
13.73
10.11
-3.75
3.20
-19.59
-1.82
19.33
-1.48
1.83
-7.78
-15.73
16.55
6.20
-7.13
-2.46
-15.89
5.17
18.32
-2.69
-0.88
-6.77
-6.98
13.77
6.41
1.02
-3.87
-6.82
7.53
7.80
-7.21
-9.17
-3.41
5.21
2.38
-0.05
5.23
-6.73
-4.59
5.88
5.41
-1.34
-8.20
4.45
15.26
-7.06
-10.66
5.07
1.09
1.06
-0.20
1.45
2.61
-7.27
0.98
12.44
-7.23
-13.44
-1.18
12.60
9.08
-6.90
-9.07
1.35
2.48
1.73
0.82
1.36
-5.03
-6.68
13.14
10.87
-6.27
-14.02
-7.63
15.46
12.20
-11.85
-4.56
0.19
2.20
4.80
-2.32
3.92
-1.54
-13.48
13.37
16.72
-9.27
-12.10
-8.14
13.16
12.20
-12.60
-0.77
7.77
0.06
1.66
-3.80
2.35
-0.27
-12.16
10.81
12.17
-5.59
-5.97
-5.76
11.30
6.49
-16.05
2.23
8.33
1.74
2.76
-8.33
4.86
4.73
-12.44
10.85
9.47
-8.07
-1.59
-3.31
13.95
4.72
-24.86
2.11
12.41
1.23
2.40
-9.38
1.12
4.22
-13.98
11.39
6.71
-11.64
-2.31
0.65
14.55
5.75
-21.40
0.53
9.53
4.23
7.33
-7.87
1.30
3.75
-10.42
8.30
2.08
-10.55
-0.92
-2.74
14.20
7.91
-18.52
-1.59
5.82
3.62
6.78
-8.54
4.95
8.44
-10.07
6.59
2.89
-7.69
-1.38
-4.10
11.79
7.44
-16.17
1.25
4.38
0.08
0.61
-10.20
5.91
8.09
-6.68
3.66
-2.20
-5.02
1.90
-4.34
8.47
4.04
-10.93
3.09
3.91
3.01
-0.60
-13.39
5.26
10.36
-1.55
2.92
-4.86
-0.56
4.66
-5.83
7.13
3.22
-7.59
4.73
4.34
7.18
0.20
-15.86
2.34
7.86
1.81
1.42
-7.40
1.26
5.01
-7.19
4.09
0.20
-6.94
1.09
0.73
9.68
3.69
-14.17
3.39
7.25
-0.01
-0.57
-8.01
5.43
6.78
-9.04
4.80
2.38
-6.05
0.63
-1.94
8.40
3.66
-14.02
4.70
4.73
-4.75
-2.05
-7.82
7.13
8.88
-9.04
3.18
1.01
-4.23
1.87
-4.16
5.28
4.45
-11.13
8.01
7.09
-1.88
-3.57
-9.77
6.98
9.63
-8.59
3.12
2.30
-1.64
2.23
-5.58
4.23
1.43
-13.28
6.71
7.84
-2.16
-4.28
-12.44
5.06
9.21
-9.09
2.88
2.77
-0.93
3.34
-7.39
3.63
3.31
-12.95
6.06
9.49
1.65
-0.15
-10.02
5.62
7.73
-10.91
1.65
4.10
1.84
3.67
-6.12
5.81
4.48
-12.70
4.42
8.16
2.06
0.71
-7.61
7.15
6.41
-14.36
-0.73
4.76
2.88
3.90
-6.18
5.03
5.23
-13.56
3.47
7.40
-0.17
-1.15
-6.17
9.53
8.80
-14.66
-3.18
4.37
2.76
2.63
-6.03
4.90
5.61
-11.47
2.73
7.12
-1.36
-3.59
-7.02
10.34
10.74
-12.88
-4.49
3.16
4.38
2.20
-7.83
5.92
8.54
-10.70
-0.02
3.78
-3.02
-6.57
-10.38
9.01
11.87
-12.56
-4.17
3.59
4.81
-0.12
-9.93
4.84
10.95
-7.91
0.52
5.53
-0.20
-5.42
-9.58
8.73
12.39
-10.59
-3.30
6.23
5.03
-2.94
-12.68
3.55
9.91
-8.14
-0.08
7.38
0.88
-4.55
-10.98
7.16
9.38
-12.64
-3.66
7.46
5.18
-3.08
-14.56
2.27
9.91
-9.21
-1.44
6.98
0.71
-3.57
-10.02
6.63
8.98
-13.84
-3.28
10.43
6.81
-0.20
-11.24
3.75
10.09
-8.94
-2.03
5.98
2.80
-0.95
-8.01
5.45
8.58
-12.92
-4.30
8.15
5.66
0.61
-7.61
4.67
9.08
-11.34
-2.53
5.88
0.77
1.16
-3.13
6.69
6.95
-13.22
-1.28
8.89
0.48
0.41
-3.09
5.92
7.32
-11.48
-1.81
5.79
-3.99
1.24
1.33
6.19
3.51
-11.80
0.22
8.79
-4.77
-2.23
-0.32
4.63
6.20
-9.04
-0.66
6.13
-8.16
0.16
4.52
4.11
2.41
-8.98
2.86
9.27
-8.69
-3.78
2.66
1.71
3.95
-4.86
2.76
5.70
-10.75
-0.58
7.02
0.05
0.66
-3.69
6.08
8.69
-10.49
-2.15
5.09
-2.36
2.22
-0.82
4.45
4.92
-10.06
0.62
7.10
-5.24
-0.95