.41
-0.70
1.19
1.92
2.95
0.26
-0.91
-0.75
0.54
0.14
-0.30
-0.77
0.15
1.70
1.63
0.37
-1.70
-3.30
-2.67
0.97
3.21
4.16
1.08
-0.64
-0.11
0.09
-0.36
-0.87
-1.12
1.56
1.55
2.42
1.69
-0.97
-2.06
-1.36
0.45
0.97
0.44
-1.18
0.38
1.41
2.05
0.05
-2.38
-4.37
-0.41
4.82
7.55
3.63
-3.16
-5.63
-0.94
5.00
4.21
0.25
-1.49
1.19
3.30
0.05
-3.65
0.72
4.31
0.08
-5.82
1.41
11.34
10.89
-1.77
-6.91
-5.16
-0.64
7.16
14.61
2.02
-18.09
-9.77
11.52
7.80
-10.52
-13.88
-9.83
-1.49
15.55
21.83
-7.12
-18.64
0.52
15.98
12.80
5.42
-8.47
-15.92
6.45
12.91
1.54
-8.39
-16.35
-10.91
14.81
18.51
-3.16
-10.40
-5.11
-0.72
10.15
8.70
-6.34
-2.91
0.90
4.95
8.41
-4.46
-13.59
-0.29
0.58
-0.35
2.58
-1.20
-1.84
0.17
-3.59
0.74
2.75
-1.96
7.63
5.50
-6.00
-1.94
0.02
1.88
5.29
-10.41
-5.31
6.66
3.38
8.47
2.08
-12.91
-2.45
4.30
6.02
13.55
-10.86
-12.37
6.50
1.16
2.56
1.23
-19.06
-2.23
7.91
5.88
13.00
-11.61
-15.13
12.18
7.27
6.14
4.22
-11.88
0.72
6.75
1.01
6.13
-10.34
-16.59
5.80
6.54
3.84
-0.93
-8.21
0.22
2.66
-0.24
0.91
2.51
-0.36
2.00
8.02
2.96
-7.65
-3.49
-0.37
2.95
2.21
-6.52
8.23
7.73
-9.18
-1.70
0.86
-5.84
4.59
1.89
6.34
-0.80
-15.81
4.55
10.54
-8.38
-6.27
-4.42
5.31
10.81
-2.34
0.95
-4.09
-12.91
5.84
8.18
5.04
-3.47
-13.15
7.30
7.20
-4.39
0.14
-11.22
-1.54
11.54
-2.25
6.80
-5.34
-14.85
8.41
2.02
4.87
4.59
-16.98
5.02
11.40
-8.27
3.55
-7.05
-5.70
10.03
-7.74
9.05
7.05
-16.52
1.79
-0.39
-4.25
3.71
-11.66
7.96
11.20
-9.48
1.28
-3.97
0.75
5.74
-9.94
4.20
6.78
-3.92
6.49
-4.06
-1.08
-0.06
-11.78
10.68
10.41
-6.04
-0.52
-4.98
5.41
5.84
-13.76
-0.65
1.77
-1.43
9.71
1.43
-1.10
-4.02
-12.78
7.86
9.30
-1.11
-1.55
-6.23
6.02
4.82
-8.54
-2.30
-5.22
0.37
7.12
-1.49
5.53
-2.80
-9.82
2.80
2.02
4.78
1.07
-10.48
9.97
8.45
-6.55
-0.95
-5.54
3.62
4.64
-8.02
10.76
6.16
-9.81
0.15
-5.36
0.27
-1.13
-12.15
13.32
8.14
-7.03
-2.21
-5.36
6.94
4.15
-12.39
7.81
6.25
-0.88
6.43
-5.63
2.09
-2.91
-12.89
13.65
7.59
-5.40
-1.11
-5.91
9.32
1.80
-18.02
1.04
1.66
-0.73
9.44
-3.80
3.16
-3.23
-14.81
8.93
6.05
-2.20
0.50
-6.13
8.70
4.60
-12.53
0.14
-2.86
0.07
7.77
-2.70
4.74
-0.29
-8.79
5.73
-0.38
-0.63
2.73
-5.20
9.59
5.16
-6.44
-0.16
-4.95
0.79
4.63
-7.55
5.98
3.02
-5.34
2.52
-6.63
-3.48
0.30
-7.60
9.18
4.53
-6.35
1.05
-5.38
3.48
4.10
-10.26
3.23
2.59
-0.84
5.98
-6.00
-0.41
1.97
-8.03
10.00
5.77
-3.33
1.91
-5.09
5.27
3.35
-14.21
1.20
1.20
0.70
8.51
-4.03
-0.33
0.89
-11.95
6.76
4.40
-3.70
3.10
-5.54
4.77
4.38
-13.17
1.12
1.46
-1.91
6.20
-3.90
2.20
4.84
-9.48
4.09
2.85
-5.31
2.06
-3.74
6.77
8.04
-10.77
1.46
2.05
-2.97
2.30
-7.31
3.63
7.35
-8.65
3.03
-0.33
-8.76
-1.72
-5.45
7.02
7.52
-12.22
1.80
2.09
-2.42
1.19
-7.19
3.35
8.55
-6.07
7.62
3.27
-6.50
-2.94
-5.39
7.21
8.05
-10.13
4.70
6.13
0.34
-0.88
-11.03
0.52
3.73
-7.93
9.05
6.09
-4.84
-3.75
-9.98
5.15
3.66
-12.32
5.58
7.26
1.10
1.08
-9.59
4.14
3.45
-10.88
7.45
6.91
-1.39
-0.86
-7.88
6.06
2.57
-14.64
4.05
7.47
2.15
1.13
-7.28
5.23
3.93
-12.38
4.41
5.35
0.56
1.48
-4.82
5.85
1.80
-17.83
1.09
6.25
1.33
0.30
-7.77
5.76
5.06
-12.93
4.38
4.95
-2.45
1.51
-1.45
10.50
4.79
-14.47
3.23
6.98
0.73
0.43
-6.34
7.32
7.40
-9.37
2.53
3.23
-4.75
-0.81
-2.48
10.59
6.88
-12.47
1.34
3.28
-3.32
-2.18
-7.70
7.50
7.65
-10.14
2.69
1.48
-5.56
-2.25
-5.41
7.22
7.13
-10.69
3.72
4.40
-2.62
-2.63
-8.00
5.74
8.71
-8.71
3.67
5.18
-3.84
-1.90
-5.87
4.08
6.72
-8.32
6.72
9.51
-4.28
-3.97
-6.76
2.70
6.38
-9.03
3.73
7.16
-4.84
0.43
-5.33
0.83
2.57
-13.15
2.85
9.85
-4.66
-1.80
-7.97
0.62
4.97
-11.79
0.38
7.09
-5.71
1.42
-0.63
2.46
2.47
-12.84
0.58
10.02
-3.77
1.88
0.55
2.52
4.02
-11.23
0.49
9.03
-3.96
4.54
5.16
1.31
1.12
-13.32
-0.08
9.07
-6.74
0.93
3.77
0.59
2.91
-10.40
0.00
8.61
-6.98
3.05
7.20
-0.88
1.45
-7.86
1.23
7.52
-11.50
-1.48
7.31
0.80
4.24
-4.22
1.83
7.02
-10.27
0.63
8.62
-0.91
1.45
-2.50
3.24
4.82
-15.38
-4.59
6.41
-2.53
2.44
-0.29
3.19
3.66
-12.94
-0.12
9.41
-4.80
-0.09
1.65
4.55
5.03
-11.12
-0.99
8.27
-5.63
1.24
3.77
2.49
4.25
-7.41
0.30
8.29
-8.88
-2.29
4.97
2.60
4.64
-5.80
0.30
4.80
-10.66
-1.14
6.38
-0.29
3.92
-0.99
2.02
3.41
-13.05
-1.57
6.92
-2.14
3.01
0.50
1.63
3.98
-8.59
0.60
6.83
-6.20
2.26
4.37
0.79
1.88
-9.17
0.18
7.48
-6.88
1.13
4.93
-1.15
3.13
-3.76
1.88
3.84
-11.70
-0.27
6.80
-0.42
2.86
-3.82
0.18
3.26
-10.61
0.28
5.98
-2.96
4.35
1.66
-0.20
1.81
-10.75
-1.27
5.30
-5.05
3.27
1.60
-0.94
3.05
-8.26
-0.46
4.98
-7.29
3.67
5.63
-1.18
4.52
-4.70
0.53
4.52
-7.93
1.96
6.05
-2.57
5.60
0.15
-2.05
2.70
-7.76
1.54
7.18
-3.67
4.38
1.16
-2.76
2.63
-7.34
-1.53
4.40
-6.06
4.41
4.55
-4.08
0.67
-7.66
-1.10
3.87
-7.82
2.46
5.65
-4.05
3.16
-3.47
-2.96
3.77
-6.81
4.26
9.11
-4.59
3.40
-0.14
-3.38
2.14
-6.70
0.50
7.72
-4.87
2.91
2.58
-4.39
1.47
-6.43
-0.48
6.10
-6.08
2.55
5.84
-4.68
1.74
-4.70
-3.98
2.89
-6.20
3.53
7.60
-5.61
0.38
-3.70
-5.61
1.92
-6.32
1.74
8.23
-5.10
1.02
-0.71
-5.25
2.06
-4.41
2.66
8.05
-5.88
1.84
5.19
-4.31
1.76
-3.27
-0.30
6.07
-4.64
4.30
6.84
-6.55
-0.59
-2.51
-3.89
2.23
-5.75
3.20
7.84
-6.55
-1.41
-2.54
-6.48
0.84
-4.36
4.08
7.77
-7.52
0.47
2.00
-6.73
0.47
-1.99
2.96
6.58
-4.92
3.00
4.11
-7.65
0.43
0.89
0.27
4.27
-4.08
4.35
7.95
-7.35
-1.00
1.87
-2.56
2.58
-2.26
4.70
4.87
-9.59
0.43
3.88
-6.48
-0.17
-0.41
2.80
4.93
-6.87
1.02
3.70
-9.34
-1.26
0.70
1.70
5.33
-3.31
4.19
4.28
-10.71
-1.54
3.27
-0.82
3.98
-1.97
2.82
3.31
-9.91
0.84
4.81
-4.50
2.52
1.35
2.27
4.59
-6.59
0.71
5.41
-6.63
0.82
2.38
0.73
3.01
-6.25
0.45
1.20
-12.22
-1.16
2.87
-2.29
3.98
-2.80
0.11
1.27
-10.30
0.11
4.23
-3.86
4.50
0.95
-0.42
2.96
-7.38
0.98
4.82
-6.15
3.72
3.90
-1.72
3.98
-4.69
1.93
3.91
-7.15
4.45
7.30
-1.78
4.52
-0.55
-2.33
1.25
-7.80
2.04
6.27
-3.96
4.50
1.05
-3.55
-0.15
-8.73
-0.84
3.13
-6.86
2.88
3.65
-5.36
1.12
-6.02
-2.60
1.73
-6.88
4.87
7.44
-3.76
2.75
-2.94
-4.08
1.77
-6.20
3.33
7.57
-5.57
2.19
-0.46
-4.34
1.18
-6.19
1.79
6.61
-5.69
2.30
3.34
-5.91
1.94
-1.85
-0.42
4.95
-3.77
5.08
7.39
-5.60
-0.13
-2.86
-4.66
2.77
-3.80
4.03
6.98
-7.30
0.09
0.23
-7.13
1.64
-1.15
3.60
5.86
-6.62
1.73
2.29
-8.39
-0.62
-1.09
-0.17
5.85
-2.95
3.55
4.98
-9.48
-1.59
1.25
-3.48
4.34
-1.09
3.21
5.04
-7.44
0.81
4.01
-5.42
2.73
2.55
3.76
6.11
-4.16
1.40
3.34
-9.08
-1.37
2.82
0.16
4.45
-1.73
1.95
1.21
-10.96
0.49
5.52
-1.66
3.46
1.52
2.16
1.55
-8.14
0.77
4.00
-7.15
0.86
4.35
-0.84
1.31
-5.41
1.59
1.70
-8.30
3.36
7.41
-1.71
1.18
-1.78
-0.24
-1.04
-8.66
2.44
6.42
-4.05
0.77
2.10
-1.84
-0.23
-5.22
2.45
3.30
-5.30
4.81
5.68
-3.50
-2.17
-5.63
-0.70
1.25
-5.38
6.02
6.09
-4.82
-0.49
-0.91
-2.81
-1.30
-5.02
3.76
4.69
-5.16
3.13
1.89
-4.86
-1.59
-3.09
1.19
2.59
-4.74
4.34
2.73
-7.44
-2.02
-0.41
-1.66
1.70
-1.22
3.99
1.95
-6.66
0.23
0.63
-5.64
-0.18
0.68
4.02
3.88
-3.25
2.84
-0.75
-9.63
0.59
2.15
-0.24
2.05
-1.55
2.27
-0.68
-8.20
0.72
1.88
-4.48
1.03
1.90
0.42
-0.05
-5.91
1.98
0.05
-6.98
4.46
5.35
-1.77
0.22
-2.78
0.51
-0.51
-5.93
5.41
5.70
-3.14
3.50
2.60
-1.49
-2.63
-4.86
2.41
2.63
-3.80
5.73
5.94
-3.52
-2.84
-1.79
0.09
-0.43
-3.73
6.66
3.58
-6.20
-0.30
0.48
-3.80
-2.49
-2.33
5.75
2.89
-5.51
4.52
1.86
-7.96
-1.94
1.62
3.18
2.02
-1.09
5.90
0.34
-8.53
1.59
3.48
-2.81
-1.06
1.91
5.32
0.53
-6.77
2.90
-0.87
-8.89
1.40
5.37
1.16
-1.53
-2.48
4.06
-1.85
-8.38
4.84
5.40
-2.44
1.95
3.92
1.77
-4.33
-6.55
5.42
1.37
-5.10
5.70
6.41
-1.97
-4.48
-2.88
2.33
-2.69
-6.00
7.95
2.96
-5.91
1.56
1.45
-1.27
-4.88
-4.06
8.26
2.80
-5.41
7.34
2.89
-6.10
-2.58
1.06
4.27
-1.72
-3.02
9.33
0.31
-8.88
0.17
0.95
-3.74
-3.17
1.87
9.00
-0.88
-5.87
5.13
-1.46
-9.66
-0.11
4.45
3.78
-2.35
-2.24
6.52
-3.48
-10.82
4.91
2.75
-1.69
1.77
4.16
5.97
-4.91
-7.78
6.59
-0.57
-6.47
4.91
4.87
-0.45
-4.72
-2.94
6.23
-2.59
-5.78
8.95
3.57
-3.72
2.31
1.88
1.27
-6.34
-5.38
7.93
1.11
-4.75
8.09
3.21
-3.46
-4.07
-1.63
3.66
-2.65
-3.04
9.91
0.91
-6.63
0.63
0.35
-2.23
-3.34
0.69
10.00
0.35
-4.65
4.55
-2.27
-7.68
0.62
3.64
5.33
-1.26
-1.54
8.46
-2.55
-8.14
4.98
0.73
-1.04
2.15
3.95
6.73
-3.77
-5.59
7.91
-0.35
-5.13
6.15
4.64
1.13
-1.66
-0.31
5.95
-6.24
-6.90
7.74
2.97
-1.60
4.40
3.02
0.84
-7.70
-2.29
7.05
-3.40
-3.16
10.26
3.05
-3.10
-3.49
1.23
2.54
-7.27
-0.21
10.88
-1.52
-4.61
1.39
0.06
-3.04
-4.63
3.53
8.84
-6.15
-3.28
8.41
-3.14
-8.06
0.98
1.63
2.45
-3.27
3.95
11.26
-6.40
-6.91
8.27
0.80
-2.38
2.76
5.41
5.69
-6.65
-1.45
9.15
-7.59
-8.02
7.34
3.55
-0.77
-0.66
2.91
5.38
-12.55
-4.20
10.32
-2.38
-4.77
5.07
2.41
-0.50
-9.31
0.47
9.68
-8.52
-3.25
14.37
1.34
-4.27
-1.40
-0.18
1.03
-9.02
1.04
14.89
-6.05
-6.13
9.25
0.05
-5.63
-2.63
1.96
9.37
-6.26
0.52
14.95
-5.63
-8.39
6.03
1.59
0.91
-2.06
4.84
12.34
-8.82
-4.58
12.02
-5.52
-6.33
3.13
3.80
5.30
-6.80
0.37
10.05
-15.97
-9.42
9.54
-0.30
-2.45
1.07
2.09
4.84
-14.11
-2.27
13.94
-8.38
-5.13
12.63
3.63
0.09
-7.57
-0.66
9.17
-11.55
-2.02
17.26
-2.59
-5.13
1.91
0.42
2.17
-9.02
0.93
15.56
-8.52
-4.94
12.52
-1.39
-4.72
-1.18
1.77
9.50
-6.25
1.31
17.35
-6.95
-8.65
7.22
-0.51
-0.41
-0.78
3.75
11.76
-8.52
-4.66
11.09
-7.07
-7.18
4.58
2.71
4.51
-5.23
0.66
9.54
-14.25
-7.23
10.40
-1.56
-0.66
3.70
2.43
4.85
-11.76
-1.73
12.64
-8.04
-3.20
11.78
2.77
2.24
-5.06
-1.50
8.19
-10.13
-0.45
15.95
-3.60
-3.27
3.92
0.70
4.05
-5.68
1.46
13.45
-7.92
-1.14
13.38
-3.75
-3.55
-2.21
-0.79
7.20
-8.17
2.30
14.76
-10.56
-7.72
4.45
-2.84
-1.63
-3.57
3.47
14.16
-8.68
-1.80
11.58
-8.71
-7.34
2.91
4.03
7.33
-6.05
1.26
11.86
-13.48
-7.25
10.40
-0.18
-0.82
0.58
4.16
8.32
-12.63
-2.95
15.65
-6.73
-6.37
9.93
4.90
1.53
-5.23
0.63
11.32
-12.28
-5.45
15.49
-1.69
-5.84
1.09
1.44
5.15
-11.29
-1.21
15.83
-8.41
-6.39
13.18
0.98
-3.19
-6.65
-1.34
8.92
-10.26
-1.10
18.98
-5.95
-8.66
1.29
-1.20
-0.85
-7.09
3.16
17.50
-9.94
-5.70
12.24
-4.46
-7.60
0.48
3.00
8.14
-8.55
0.78
13.70
-13.75
-10.33
11.45
0.95
0.16
-1.22
3.30
11.00
-12.87
-5.34
16.65
-7.15
-7.46
8.00
4.78
3.71
-7.23
-0.45
13.42
-13.56
-6.02
16.40
0.36
-2.66
1.84
0.70
6.31
-13.55
-1.73
17.57
-9.10
-5.86
13.04
0.95
-1.51
-9.07
-2.77
9.51
-10.84
-0.55
19.95
-5.81
-6.05
1.87
-1.21
1.41
-8.10
1.23
17.82
-8.79
-3.09
11.87
-5.22
-4.86
0.29
1.64
10.20
-7.43
0.41
15.70
-11.66
-6.53
9.02
-1.45
1.77
-1.36
1.67
10.95
-11.80
-4.19
14.52
-8.27
-3.34
8.15
4.36
7.69
-4.90
-1.48
12.86
-12.72
-3.34
14.71
-1.24
0.69
1.54
1.45
7.63
-13.23
-3.84
14.01
-9.44
-2.62
10.25
-0.82
1.34
-9.30
-3.02
9.91
-10.84
0.34
17.82
-4.91
-3.34
1.89
-0.35
3.20
-6.63
1.45
17.32
-7.76
-1.65
12.50
-4.02
-4.95
-0.06
1.72
9.91
-7.23
2.20
16.91
-9.20
-5.98
10.71
0.61
1.70
-0.77
3.77
12.18
-9.96
-3.29
14.52
-8.63
-7.16
7.63
5.70
5.84
-3.98
-0.13
11.13
-15.77
-7.84
12.45
-1.88
-2.45
1.36
2.00
5.82
-14.09
-2.55
14.82
-9.18
-5.90
14.09
2.54
-1.33
-7.30
-0.48
9.00
-12.57
-1.65
20.16
-5.11
-8.88
2.65
0.85
-0.98
