-0.73
0.97
0.15
0.68
-0.70
1.02
0.17
0.63
-0.33
0.64
0.52
-0.15
0.29
-0.24
0.12
-0.17
0.07
-0.09
0.05
-0.05
0.01
-0.04
-0.02
-0.02
-0.03
0.02
-0.04
0.02
-0.06
0.01
1.13
-0.73
0.82
0.05
0.91
0.15
0.84
0.16
0.69
-0.32
0.66
-0.23
0.65
0.22
-0.23
0.18
-0.18
0.15
-0.12
0.09
-0.09
0.05
-0.05
0.02
-0.03
-0.02
0.00
-0.02
0.02
-0.05
0.02
-0.05
0.02
1.20
-0.73
0.97
0.08
1.52
-0.66
0.91
0.18
0.75
-0.23
0.97
0.23
0.23
0.23
-0.22
0.18
-0.19
0.12
-0.14
0.08
-0.09
0.04
-0.05
0.02
-0.02
-0.01
0.00
-0.04
0.02
-0.05
0.01
0.97
-0.71
0.68
0.02
1.47
-0.73
1.02
0.14
0.94
0.18
0.75
-0.25
1.01
0.23
0.21
0.23
-0.22
0.18
-0.18
0.12
-0.13
0.07
-0.08
0.04
-0.04
0.02
-0.02
0.00
0.00
-0.03
0.02
-0.05
0.02
-0.07
0.02
0.70
0.03
0.93
0.07
1.02
0.14
1.04
0.62
1.88
0.03
1.34
0.52
0.75
0.32
-1.58
0.08
0.11
-0.24
-0.15
4.12
-0.02
1.13
0.23
1.28
-0.06
-0.12
-0.05
2.16
-0.01
-0.05
0.03
-0.08
-0.65
-0.04
0.02
1.41
-0.30
0.87
-0.55
1.04
0.20
0.75
-0.34
1.08
0.25
-0.21
0.20
-0.23
0.21
-0.16
0.11
-0.14
0.07
-0.06
0.03
-0.06
0.00
-0.01
-0.02
-0.01
-0.03
0.03
-0.05
0.01
-0.04
-0.47
1.01
0.02
1.47
-0.75
0.95
-0.28
1.32
0.19
0.72
-0.30
0.95
1.16
0.42
-0.24
-0.28
0.13
-0.94
0.83
-0.20
0.05
-0.13
0.79
-0.02
0.48
-0.95
1.88
-1.10
2.52
-2.77
1.51
-1.77
0.70
-7.61
0.74
-0.14
6.91
1.71
-0.57
-3.64
0.16
-5.06
1.94
6.15
5.41
-1.98
-0.44
0.88
2.13
0.30
0.95
5.63
-0.88
-0.59
-1.67
4.95
1.83
0.55
2.66
0.92
3.02
-2.41
-1.19
4.05
-3.99
2.91
-7.23
5.16
-0.49
0.73
-3.52
-0.39
-0.20
1.87
-1.99
4.33
0.91
2.16
0.37
1.12
3.48
0.45
-0.48
1.42
0.57
2.07
-4.03
0.25
0.11
-2.54
2.83
-4.71
5.43
-1.36
2.92
1.90
0.73
2.72
2.56
-2.26
4.64
-1.84
4.03
-1.39
0.44
-0.84
0.46
-3.40
2.13
-2.94
3.59
-1.30
2.16
3.13
-0.26
4.77
-1.07
2.88
1.52
0.32
2.86
-0.70
-0.01
2.44
-3.93
3.08
-4.48
2.88
-1.45
0.49
0.34
2.46
0.70
3.27
-2.63
3.93
-0.02
2.30
0.14
0.34
-1.23
-0.08
-4.51
2.19
-2.48
3.05
-0.56
-0.72
2.95
-1.33
4.27
-0.63
4.11
2.64
-1.04
1.84
-0.16
-0.91
3.59
-4.70
4.28
-3.82
1.46
-2.34
0.19
0.78
2.40
-1.72
4.33
-0.55
4.35
1.84
1.91
2.87
-0.45
0.30
0.88
-1.79
2.52
-1.84
1.48
0.57
-1.48
1.73
-3.49
3.91
-0.09
2.83
2.70
-0.21
1.63
2.55
-2.62
3.52
-5.03
3.51
-2.20
-1.19
-1.91
0.52
-0.31
3.09
-3.28
3.82
1.40
2.25
3.03
-0.34
3.35
0.05
-0.87
1.84
-0.27
1.32
-2.15
-1.32
1.60
-3.52
3.81
-0.95
3.24
2.69
-0.13
1.95
2.20
-0.55
1.62
-4.89
3.80
-1.30
0.52
-2.80
-0.80
-1.02
0.95
-2.39
3.10
-0.23
3.16
1.95
1.52
4.27
-1.15
0.66
0.28
0.56
1.90
-3.98
-0.16
1.43
-1.33
1.56
-2.41
3.65
2.20
-0.27
0.09
1.02
1.61
2.99
-6.72
2.60
0.68
0.55
-2.45
0.63
1.68
2.38
-6.34
3.05
6.70
1.28
-1.76
-2.39
3.30
2.34
-7.03
1.15
3.19
3.07
-2.46
-6.72
7.15
4.96
-1.19
-0.55
0.91
3.57
0.03
-8.14
4.24
-0.31
1.81
-4.15
-1.90
2.94
1.66
-1.93
2.94
-0.28
3.38
-0.15
-1.36
3.14
1.47
-1.76
1.43
-2.51
2.10
-2.08
2.66
1.38
-1.40
2.46
-2.86
4.26
0.55
2.09
3.59
0.34
1.59
2.03
1.35
4.08
-3.79
1.19
0.84
0.47
-2.76
1.77
1.59
2.78
-6.47
2.76
8.91
1.60
-6.60
0.02
4.55
1.27
-8.72
3.43
9.07
-2.62
-7.41
0.63
11.08
-0.32
-9.38
4.18
9.10
-8.52
-5.49
4.64
10.52
-6.84
-9.75
6.45
10.23
-9.36
-1.07
4.27
4.89
-10.71
-5.09
12.24
7.88
-19.17
-1.75
12.55
0.61
-10.34
1.91
14.41
-0.26
-16.30
2.55
12.55
-5.22
-5.87
-1.70
9.59
-2.91
-10.16
7.62
7.44
-2.87
-1.80
-1.81
7.33
-2.47
-3.30
0.25
3.27
-3.39
0.52
-1.45
3.18
2.09
-1.72
0.54
0.69
-0.15
0.25
-5.08
0.69
5.58
-0.32
-3.93
-2.12
7.51
3.52
-5.97
0.31
8.43
-2.84
-5.37
-3.87
11.35
-0.98
-9.10
0.08
5.41
-0.71
-1.12
-1.67
10.03
1.24
-5.11
0.26
3.59
0.00
-1.26
-4.35
3.80
1.98
-3.80
1.07
1.50
3.95
1.91
-3.63
-0.80
3.33
-0.66
-0.86
-1.88
7.66
1.18
-6.39
-0.68
9.16
0.93
-2.48
-4.98
8.88
-0.41
-8.59
-0.12
11.90
-3.84
-7.51
-1.98
10.23
2.08
-9.41
3.03
10.91
-9.07
-9.04
5.21
10.64
-2.77
-11.83
7.38
8.59
-7.43
-6.10
10.66
4.44
-5.86
-12.08
11.27
4.50
-8.76
-3.65
7.58
0.20
-4.06
-4.80
11.23
5.66
-7.23
-5.13
6.60
3.83
-3.53
-8.30
7.23
5.45
-7.68
-3.19
4.45
7.59
-1.99
-6.93
4.07
7.80
-8.54
-5.33
5.11
9.52
-5.80
-8.91
5.49
10.38
-8.14
-1.10
4.77
5.20
-10.95
-6.06
10.54
8.23
-17.21
-1.04
10.97
-0.39
-8.86
0.69
13.03
0.43
-15.55
1.69
12.62
-5.56
-9.38
3.59
11.10
-6.88
-11.96
10.42
12.45
-12.24
-2.70
1.77
7.31
-5.78
-5.23
5.48
4.76
-9.82
-0.57
4.55
5.73
-1.20
-3.89
-0.30
4.05
-3.38
-3.38
-0.30
4.66
1.61
-6.76
0.05
5.16
2.84
-5.27
-1.01
6.35
3.62
-12.92
0.33
7.68
2.35
-7.37
-2.70
7.70
3.19
-8.48
6.13
5.46
1.55
-7.09
-1.05
8.81
2.33
-8.55
2.56
3.41
0.01
-1.31
-1.60
4.10
3.05
-1.55
-1.52
-1.16
1.96
3.00
-4.44
0.02
4.77
3.41
-7.19
-1.83
5.80
4.53
-9.70
1.96
4.63
-0.66
-8.05
0.86
8.06
2.53
-16.76
2.98
9.40
0.83
-2.68
0.41
7.94
-1.73
-6.33
3.67
3.21
-1.45
-2.27
-1.38
3.73
0.34
-1.34
0.56
0.04
0.48
3.71
-4.44
0.67
1.02
2.80
-3.84
0.89
2.83
2.70
-8.60
1.20
10.41
1.69
-12.11
1.05
8.10
-0.16
-11.96
7.11
7.28
-5.49
-4.30
-0.05
10.93
-1.16
-5.31
6.32
2.13
-4.65
-0.72
0.43
5.07
-3.57
-3.68
1.02
2.71
-0.86
1.86
-2.76
2.14
1.69
1.09
-4.2