5.60
7.63
-6.05
-5.68
1.80
-8.04
8.42
15.58
-16.16
-13.23
8.95
-3.06
14.24
-4.85
-7.77
11.93
-4.34
-9.13
7.16
1.97
-8.28
8.26
0.40
0.81
3.26
0.25
6.23
-5.78
-2.77
-3.19
-0.43
12.07
-1.28
-7.44
-0.24
1.09
-1.07
8.76
-3.97
-9.97
-3.04
2.13
10.82
-2.30
-7.51
0.91
-3.22
9.40
19.55
-12.07
-11.55
0.52
-4.40
5.31
0.03
-12.14
1.33
2.93
9.27
7.47
-10.02
-9.13
-4.87
-3.24
12.70
-0.78
-12.87
6.13
2.87
1.13
7.66
0.76
-7.44
0.36
2.73
2.00
-6.16
-3.98
1.76
2.05
4.27
7.05
-4.43
0.04
1.12
-9.40
-3.05
-1.69
-2.70
2.18
6.59
5.01
-1.24
0.26
8.53
-5.61
-9.21
-1.05
-8.59
-1.36
11.37
-0.73
-1.66
1.32
3.36
5.04
1.27
-2.76
-6.95
-8.57
6.38
8.88
-4.37
0.54
2.56
-1.47
11.50
9.22
-9.67
-6.82
-4.51
-2.38
2.31
1.34
-1.63
1.09
5.63
15.63
2.05
-6.93
-3.31
-7.86
-1.63
8.66
-0.21
-1.11
5.33
5.74
3.52
2.29
0.45
-6.59
-4.50
5.30
-0.07
-4.75
4.01
3.13
1.48
5.59
6.83
-1.26
1.41
0.69
-5.34
-8.14
0.27
4.14
2.30
4.95
10.34
-1.56
2.37
5.93
-5.96
-7.67
-2.09
-3.84
4.40
6.99
4.97
-3.59
-4.30
3.56
1.54
-5.18
-0.70
-4.63
-2.40
10.81
7.35
-3.94
-2.08
1.67
-0.98
6.05
4.52
-6.73
-9.81
1.16
6.31
1.21
-0.30
4.64
-2.82
3.05
7.77
-3.76
-9.28
-2.15
-0.63
2.77
4.56
7.19
-2.42
-1.17
3.95
-2.84
-8.27
-0.67
-2.34
-0.05
6.55
5.38
-2.33
0.37
1.77
-1.62
-3.73
0.43
0.52
0.05
3.83
4.08
-5.97
0.07
5.68
-1.22
-2.18
1.58
-1.85
1.55
4.72
1.73
-6.12
-5.16
1.13
-0.40
-1.59
2.55
-5.07
-6.02
4.50
4.06
-3.28
-1.16
1.75
-2.21
2.48
4.63
-3.52
-7.28
0.60
4.58
1.97
2.99
3.10
-5.97
-1.29
5.23
-2.36
-5.23
0.77
0.73
1.38
3.99
4.81
-6.02
-4.88
3.10
-0.25
-1.23
5.40
2.01
-1.82
1.29
2.91
-6.52
-4.33
0.47
-2.41
-2.59
3.94
2.39
-2.12
-0.65
3.70
-5.66
-2.40
2.43
-3.52
-4.63
2.74
-0.83
-1.90
0.49
5.34
-2.68
-2.39
2.07
-1.84
-5.17
1.96
-1.34
-3.68
2.48
9.11
0.85
1.07
0.47
-6.00
-5.66
4.10
2.03
-2.73
-0.75
6.72
0.79
2.47
1.84
-7.46
-8.58
3.03
3.26
-0.63
-0.67
3.40
-2.44
-0.34
2.06
-5.19
-9.16
1.52
2.71
-0.12
1.34
3.39
-5.45
-1.92
2.40
-2.60
-5.11
2.44
2.18
-0.34
0.95
4.76
-3.74
-1.35
3.79
-1.91
-4.71
2.95
1.03
-1.14
0.70
4.78
-2.24
1.20
4.40
-1.29
-5.91
1.84
0.96
-0.71
2.59
6.36
-3.72
-1.27
3.23
-2.08
-6.15
0.77
-1.30
-1.88
3.02
8.84
-1.37
-2.42
1.45
-2.99
-4.44
3.00
0.02
-1.91
3.02
8.87
-0.63
-2.30
0.23
-4.33
-4.95
5.25
3.65
-1.05
1.04
6.88
-2.53
-1.91
0.54
-4.99
-5.52
5.38
4.30
-0.20
-0.32
3.39
-5.20
-2.35
2.30
-3.59
-5.20
4.73
2.46
-2.06
-0.88
3.39
-3.82
-0.82
3.52
-2.48
-5.09
3.95
1.90
-2.69
-0.50
4.20
-3.70
0.06
4.71
-2.03
-4.23
3.77
2.35
-1.18
0.25
3.62
-3.53
0.18
5.45
-1.32
-3.79
2.99
2.35
-0.87
2.35
5.27
-4.26
-2.37
4.12
-1.23
-2.95
2.58
1.90
-1.95
2.20
5.04
-4.63
-3.95
2.32
-1.02
0.35
4.52
2.93
-3.02
0.74
2.82
-3.91
-3.25
3.41
-0.38
0.86
4.67
3.78
-3.64
-0.33
2.54
-1.93
-0.95
4.54
1.52
1.68
3.13
4.35
-3.38
-0.08
3.05
-0.91
-1.45
4.16
1.42
-0.47
2.05
4.48
-3.30
-0.76
3.08
0.71
-2.41
3.29
1.05
-1.45
1.45
6.54
-2.48
-1.91
2.59
-1.09
-4.47
2.97
-0.79
-4.41
-0.70
6.77
-2.23
-1.55
1.28
-4.05
-5.74
3.02
-0.30
-4.10
-0.95
5.27
-3.31
-1.43
2.38
-3.48
-4.98
4.43
3.31
-2.27
0.55
4.52
-3.96
-1.08
3.77
-2.44
-3.04
4.24
3.58
-1.38
1.01
3.59
-4.66
-1.97
4.70
-0.27
-0.11
3.14
2.75
-3.35
-0.68
1.00
-5.47
-3.05
3.77
-0.55
0.34
3.88
4.73
-3.07
-0.56
1.84
-2.34
-2.27
3.92
1.21
-0.45
1.63
3.73
-3.21
-1.06
1.95
-2.98
-3.66
3.69
1.37
-1.92
-0.97
3.82
-2.26
0.12
3.24
-1.75
-4.70
1.97
0.92
-1.86
-0.35
5.34
-2.56
-0.14
3.98
-1.58
-6.02
1.92
-0.09
-2.89
0.37
5.48
-3.98
-1.64
4.24
-0.93
-4.05
3.68
0.90
-3.71
-0.18
4.18
-4.23
-3.37
3.10
-2.10
-2.98
2.54
1.66
-3.98
0.60
3.95
-2.13
-2.32
2.93
-1.29
-0.87
1.27
2.78
-3.30
0.08
3.45
-2.72
-4.08
2.54
0.02
-0.37
1.93
5.73
-1.85
-0.93
1.91
-2.89
-6.29
1.33
0.86
-0.54
1.79
6.43
-3.84
-3.09
1.02
-3.05
-5.52
3.48
2.93
-0.67
1.12
4.17
-6.61
-4.27
2.46
-0.89
-2.01
4.33
2.27
-4.34
-1.46
3.07
-3.99
-1.72
4.46
0.11
0.43
3.20
1.31
-5.60
-1.95
2.87
-1.19
-1.24
3.27
-0.78
-2.02
-0.47
3.14
-3.59
-0.78
3.72
0.50
-1.85
3.08
0.90
-2.79
0.02
5.76
-2.28
-0.17
2.58
-2.19
-5.56
1.19
-0.27
-2.94
0.41
6.98
-1.37
-1.21
1.38
-3.63
-6.14
2.73
1.48
-2.70
0.81
5.74
-3.16
-2.30
3.05
-1.92
-2.30
4.37
3.14
-2.63
0.52
3.86
-3.91
-2.59
3.11
-1.12
-0.78
3.50
3.39
-3.15
-0.12
2.25
-2.47
-2.53
3.46
-0.73
-0.30
3.30
5.09
-2.60
-1.12
1.25
-4.15
-4.82
2.13
0.61
-1.30
1.02
4.92
-2.70
-1.79
0.97
-2.87
-4.78
3.09
2.17
-1.47
0.16
4.91
-5.15
-3.23
1.19
-2.79
-4.63
4.28
2.70
-2.35
-1.10
4.08
-4.27
-1.51
4.48
0.08
-2.73
4.30
2.68
-3.96
-1.16
2.88
-3.63
-1.09
5.69
0.24
-1.14
2.09
1.62
-4.66
-0.47
3.82
0.13
0.15
4.77
0.81
-1.78
0.04
5.04
-1.20
1.29
3.69
-1.61
-4.76
1.70
0.11
-1.74
0.35
6.34
-2.16
-0.81
2.01
-3.58
-7.21
2.68
2.19
-1.95
0.84
5.47
-3.45
-2.43
3.35
-1.78
-3.01
4.07
3.11
-2.64
1.06
3.91
-2.13
-2.28
3.02
-1.52
-0.90
3.51
5.56
-2.23
-0.80
1.11
-4.40
-4.68
1.66
-0.34
-1.47
1.32
5.44
-1.83
-1.80
-0.42
-5.26
-6.64
2.20
2.60
-0.32
0.66
5.06
-4.58
-3.27
1.40
-2.85
-5.05
4.09
3.89
-1.77
-0.09
2.22
-6.07
-3.86
3.98
0.37
0.06
3.43
2.06
-5.41
-1.36
2.84
-1.44
-1.30
4.52
0.34
-1.51
0.36
3.60
-3.45
-2.05
1.05
-2.53
-4.91
2.81
1.85
-2.30
-1.71
4.65
-3.09
-0.30
5.24
0.93
-2.77
4.35
1.35
-5.02
-2.17
2.29
-5.38
-2.51
4.33
-0.45
-1.34
0.86
-0.33
-6.36
-1.08
3.41
-0.48
-0.26
4.52
-0.27
-2.47
-0.09
3.85
-2.47
0.52
3.57
-1.49
-3.80
2.07
-0.69
-2.84
-0.89
5.70
-1.95
-0.22
4.38
-1.32
-5.47
3.79
3.84
-1.21
0.91
4.95
-3.12
-2.57
3.45
-2.02
-2.05
1.52
2.63
-3.45
0.88
3.53
-1.58
-2.40
2.09
-0.85
-2.05
1.29
5.62
-1.06
-0.54
1.53
-2.64
-6.08
2.30
2.34
0.30
1.55
6.23
-4.27
-3.16
2.67
-1.83
-3.16
3.82
4.05
-1.87
0.45
3.13
-4.44
-3.81
3.30
-1.08
-0.77
2.58
4.70
-2.76
-0.48
1.65
-3.08
-3.92
2.59
0.58
-0.61
1.18
5.24
-3.55
-3.53
1.05
-2.98
-5.55
3.57
2.28
-2.16
-1.16
3.35
-6.47
-4.48
3.27
0.55
0.38
4.92
2.34
-5.51
-1.33
2.17
-3.22
-2.08
3.64
0.41
-0.65
1.44
3.59
-3.66
-1.77
1.79
-1.32
-2.74
4.26
2.48
-1.09
-1.12
4.65
-4.00
-2.57
4.21
0.91
-1.96
3.81
1.51
-6.15
-2.26
1.70
-2.91
-0.77
5.77
0.37
-0.70
0.80
3.06
-3.88
-0.98
2.47
-1.32
-2.63
3.42
0.05
-2.61
-1.51
4.84
-2.63
-0.59
1.90
-2.77
-5.58
2.89
1.05
-4.99
-1.95
2.84
-2.54
-0.74
6.45
0.42
-0.43
1.10
1.91
-4.45
-0.82
3.24
0.15
-1.47
3.20
-0.46
-3.62
-1.39
5.94
-0.60
1.02
2.37
-3.29
-6.82
1.23
0.79
-2.85
-0.38
3.95
-4.25
-2.81
4.06
-1.01
-2.36
1.41
2.43
-3.76
0.90
3.97
-1.17
-2.38
2.23
-1.38
-3.04
0.88
5.38
-1.00
0.16
1.96
-2.39
-5.41
2.42
1.94
-0.37
0.98
6.27
-3.35
-2.62
3.34
-1.03
-3.02
3.16
2.16
-4.38
-0.02
2.92
-4.23
-4.55
2.52
-1.24
-1.15
2.55
5.24
-2.07
0.30
2.48
-3.21
-5.13
1.91
0.77
-0.88
1.52
7.05
-2.84
-2.55
0.66
-3.09
-5.38
4.05
2.55
-3.51
-0.97
2.63
-5.84
-4.60
3.47
0.64
0.76
2.45
2.77
-4.60
-2.15
1.53
-2.68
-3.27
2.77
1.05
-0.62
1.34
6.67
-3.25
-3.55
0.91
-2.38
-4.27
4.95
4.30
-1.47
-0.69
2.51
-5.97
-3.68
4.20
0.63
0.23
3.79
2.37
-5.91
-1.59
2.86
-1.27
-1.52
4.13
0.72
-1.17
0.32
4.80
-3.30
-1.88
1.26
-1.98
-3.77
4.87
2.38
-2.41
-1.85
3.31
-4.85
-2.80
4.30
1.34
-0.37
3.60
1.90
-5.65
-2.26
1.47
-2.89
-2.14
4.54
0.04
-2.34
0.59
4.28
-3.06
-0.92
2.72
-1.27
-3.55
3.48
1.73
-2.28
-1.34
4.63
-3.57
-0.50
4.50
0.76
-3.23
3.71
0.95
-5.43
-1.61
2.70
-2.21
-1.22
5.93
-0.41
-1.93
0.82
2.70
-3.54
0.23
4.21
-0.84
-2.34
2.77
-0.46
-4.22
-1.61
5.70
-2.20
-0.16
2.20
-2.80
-6.75
1.77
1.05
-2.90
0.04
4.01
-3.34
-3.39
3.48
-1.16
-2.59
1.36
2.84
