-4.16
-4.08
-4.16
-4.08
-4.31
-4.08
-4.16
-4.31
-4.00
-4.00
-4.39
-4.08
-4.08
-4.39
-4.00
-4.16
-4.08
-4.08
-4.00
-4.31
-4.16
-4.16
-4.24
-4.16
-4.24
-3.92
-4.08
-4.39
-4.08
-4.31
-4.24
-4.16
-4.08
-4.16
-4.08
-4.16
-3.92
-4.16
-4.16
-4.24
-4.16
-4.16
-4.31
-4.00
-4.24
-4.16
-4.16
-4.24
-4.08
-4.24
-4.31
-4.24
-4.08
-4.16
-4.31
-4.31
-4.24
-4.08
-4.08
-4.55
-4.08
-4.24
-4.08
-4.08
-4.16
-4.16
-4.00
-4.24
-4.24
-4.08
-4.16
-4.24
-4.39
-4.24
-4.24
-4.24
-4.00
-4.08
-4.08
-4.24
-4.16
-4.16
-4.71
-4.08
-4.31
-4.00
-4.47
-4.24
-4.24
-4.24
-4.16
-4.24
-4.39
-4.16
-4.00
-4.08
-4.31
-4.16
-4.55
-4.31
-4.24
-4.16
-4.16
-4.16
-4.31
-3.84
-4.16
-4.00
-4.08
-4.08
-4.31
-4.16
-4.31
-4.39
-4.39
-4.24
-4.08
-4.16
-4.16
-4.16
-4.39
-4.08
-4.00
-4.08
-4.24
-4.31
-4.08
-4.16
-4.08
-4.16
-4.39
-4.31
-4.08
-4.08
-3.92
-4.24
-4.24
-4.39
-4.24
-4.47
-4.08
-4.24
-4.16
-4.08
-4.31
-4.08
-4.24
-4.31
-4.16
-4.39
-4.16
-4.31
-4.24
-4.39
-4.08
-4.08
-4.24
-4.24
-4.08
-4.16
-4.31
-4.39
-4.24
-4.00
-4.08
-4.39
-4.55
-4.31
-4.16
-4.16
-4.24
-4.16
-4.16
-4.24
-4.24
-4.31
-4.16
-4.08
-4.08
-4.00
-4.08
-4.16
-4.00
-4.24
-4.24
-4.24
-4.16
-4.16
-4.31
-4.16
-4.39
-4.08
-4.31
-4.16
-4.24
-4.31
-3.84
-4.31
-4.24
-4.16
-4.16
-4.31
-4.08
-4.24
-4.24
-4.24
-4.24
-4.63
-4.31
-4.08
-4.08
-4.31
-4.24
-4.24
-4.24
-4.08
-4.16
-4.31
-4.16
-4.08
-4.24
-4.47
-4.08
-4.16
-4.47
-4.31
-4.00
-4.08
-3.92
-4.39
-4.08
-4.16
-4.47
-4.24
-4.39
-4.47
-4.16
-4.31
-4.16
-4.31
-4.00
-4.24
-4.24
-4.08
-4.24
-4.39
-4.24
-4.31
-4.16
-4.24
-4.24
-4.24
-4.24
-4.16
-4.16
-4.16
-4.16
-4.08
-4.16
-4.16
-4.16
-4.31
-4.08
-4.16
-4.16
-4.08
-4.24
-4.31
-4.00
-4.16
-4.39
-4.16
-4.00
-4.39
-4.16
-4.00
-4.39
-4.00
-4.47
-4.24
-4.24
-4.16
-4.47
-4.39
-4.08
-4.71
-4.16
-4.24
-4.16
-4.16
-4.24
-4.31
-4.31
-4.39
-4.16
-4.16
-4.00
-4.08
-4.31
-4.08
-4.08
-4.16
-4.31
-4.24
-4.31
-4.47
-4.08
-4.24
-4.16
-4.08
-4.08
-4.00
-4.08
-4.16
-4.24
-4.24
-4.00
-4.16
-4.08
-4.24
-4.47
-4.24
-4.31
-4.31
-4.24
-4.16
-4.16
-4.24
-4.24
-4.31
-4.16
-4.24
-4.31
-4.47
-4.39
-4.16
-4.08
-4.55
-4.00
-3.84
-4.24
-4.08
-4.24
-4.24
-4.16
-4.08
-4.16
-4.08
-4.39
-4.24
-4.08
-4.31
-4.24
-4.16
-4.16
-4.16
-4.16
-4.08
-4.16
-4.31
-4.31
-4.24
-4.08
-4.08
-4.08
-4.16
-4.08
-4.24
-4.31
-4.24
-4.00
-4.24
-4.16
-4.08
-3.84
-4.16
-4.08
-4.08
-3.84
-4.24
-4.16
-4.24
-4.31
-4.08
-4.08
-4.16
-4.16
-4.24
-4.31
-4.00
-4.00
-4.24
-4.16
-4.16
-4.24
-4.47
-4.16
-4.16
-4.24
-4.24
-4.08
-4.24
-4.24
-4.00
-4.16
-4.16
-4.55
-4.08
-4.31
-4.00
-4.16
-4.08
-4.16
-4.16
-4.00
-4.00
-4.24
-4.16
-3.92
-4.47
-4.16
-4.24
-4.08
-4.24
-4.24
-4.47
-4.16
-4.24
-4.24
-4.39
-4.31
-4.31
-4.08
-4.16
-4.24
-4.24
-4.16
-4.08
-4.08
-4.39
-4.39
-4.00
-4.47
-4.16
-4.16
-4.16
-4.31
-4.24
-4.47
-4.16
-4.31
-4.08
-4.31
-4.31
-4.08
-4.24
-4.47
-4.24
-4.24
-4.16
-4.00
-4.31
-4.24
-4.16
-4.00
-4.39
-4.08
-4.00
-4.24
-4.08
-4.39
-4.24
-4.24
-4.31
-4.31
-4.31
-4.08
-4.16
-4.24
-4.16
-4.16
-4.08
-4.00
-4.08
-4.16
-4.16
-4.24
-4.00
-4.24
-4.08
-4.24
-4.08
-4.08
-4.24
-4.16
-4.39
-4.16
-4.08
-4.24
-4.39