-0.16
-0.08
-0.24
-0.31
-0.16
-0.63
-0.31
-0.24
-0.24
-0.24
-0.63
-0.39
-0.24
-0.39
0.08
-0.24
0.00
-0.31
-0.39
-0.47
-0.31
-0.63
-0.31
-0.16
0.00
-0.39
-0.31
-0.31
-0.63
-0.55
-0.16
0.00
-0.63
-0.31
-0.24
-0.31
-0.24
-0.31
0.00
-0.31
-0.24
-0.63
-0.16
-0.24
-0.31
-0.24
-0.08
-0.31
-0.55
-0.24
-0.47
0.00
-0.47
-0.31
-0.39
-0.31
-0.31
-0.24
-0.24
-0.39
-0.16
-0.31
-0.39
-0.31
-0.47
-0.16
-0.16
-0.47
-0.08
-0.24
-0.39
-0.63
-0.31
-0.39
-0.31
-0.24
-0.31
-0.24
-0.31
-0.16
-0.63
-0.78
-0.24
-0.16
-0.24
-0.24
-0.47
-0.31
-0.24
-0.24
-0.24
-0.55
0.00
0.00
-0.31
-0.31
0.00
-0.31
0.00
-0.39
-0.16
-0.47
-0.16
-0.31
-0.63
-0.55
-0.24
-0.55
0.00
-0.24
0.00
-0.39
-0.39
0.00
-0.31
-0.24
-0.47
-0.39
-0.39
0.00
-0.39
-0.71
-0.24
-0.16
-0.39
0.00
-0.31
-0.24
-0.31
-0.24
-0.31
-0.31
-0.39
-0.55
-0.24
0.00
-0.24
-0.24
-0.31
-0.08
-0.16
-0.31
-0.24
-0.24
0.00
-0.55
-0.39
-0.47
-0.16
-0.31
-0.39
-0.39
-0.31
-0.39
-0.31
-0.24
0.00
-0.16
-0.47
-0.24
-0.16
-0.24
-0.16
-0.08
-0.24
-0.39
0.00
-0.39
-0.16
-0.39
-0.08
-0.55
-0.31
-0.39
0.00
0.00
-0.24
-0.24
-0.63
-0.24
-0.16
0.00
0.00
-0.24
-0.16
-0.16
-0.39
-0.08
-0.24
-0.63
0.00
-0.24
-0.47
0.00
-0.16
-0.39
-0.78
-0.31
-0.16
-0.63
-0.16
0.00
-0.24
-0.39
-0.39
-0.31
-0.39
0.00
-0.24
-0.31
0.00
-0.55
-0.31
-0.31
-0.47
-0.39
-0.47
-0.39
-0.31
-0.24
-0.31
-0.16
0.00
-0.31
-0.16
-0.31
-0.39
0.00
-0.39
0.00
-0.47
0.00
-0.31
-0.31
-0.39
-0.24
-0.24
-0.39
-0.16
-0.39
-0.31
-0.31
-0.24
-0.08
-0.63
-0.31
-0.24
-0.47
-0.24
-0.31
-0.31
-0.31
-0.47
0.00
-0.31
-0.39
-0.24
-0.16
-0.39
-0.24
-0.31
-0.31
-0.31
-0.24
-0.24
-0.31
-0.16
-0.24
-0.31
-0.47
-0.24
0.00
-0.47
-0.39
-0.31
-0.39
-0.31
-0.16
-0.24
0.00
-0.24
0.08
-0.16
-0.47
-0.24
0.00
-0.47
0.00
0.00
-0.31
-0.31
-0.31
-0.39
-0.24
-0.24
-0.24
-0.24
-0.24
-0.16
-0.16
-0.16
-0.24
-0.47
-0.39
-0.08
-0.16
-0.24
-0.16
-0.31
-0.47
-0.31
-0.16
-0.31
-0.16
-0.24
-0.31
-0.39
-0.16
-0.39
-0.16
-0.39
-0.31
-0.47
-0.24
-0.39
-0.31
-0.31
-0.16
-0.31
0.00
-0.16
-0.39
-0.24
-0.39
-0.31
-0.31
-0.16
-0.31
-0.94
-0.31
-0.24
-0.39
-0.24
-0.16
-0.47
-0.24
-0.08
-0.39
-0.47
-0.39
-0.39
-0.31
-0.08
-0.39
-0.63
-0.08
-0.39
-0.24
-0.24
-0.39
-0.71
-0.31
0.00
-0.47
-0.31
-0.24
-0.24
-0.63
-0.47
-0.24
-0.31
-0.31
-0.24
-0.78
-0.47
0.00
-0.24
-0.39
-0.31
-0.55
-0.47
0.00
-0.16
-0.39
-0.63
-0.16
-0.16
-0.24
-0.31
-0.24
-0.63
-0.31
-0.16
-0.39
-0.39
-0.39
-0.31
-0.24
-0.24
0.00
-0.39
-0.47
-0.24
-0.47
-0.39
-0.08
-0.39
-0.39
-0.16
-0.24
-0.55
-0.31
-0.39
-0.63
-0.47
-0.16
-0.24
-0.24
0.00
-0.47
-0.39
0.00
-0.24
-0.31
-0.63
-0.63
-0.16
-0.16
-0.24
-0.24
-0.31
-0.24
-0.31
0.00
-0.47
-0.31
-0.55
-0.39
-0.31
-0.39
-0.63
-0.63
0.00
-0.16
-0.31
-0.71
-0.24
-0.39
0.00
-0.16
-0.39
-0.55
-0.16
-0.31
-0.24
0.00
-0.24
0.00
-0.55
-0.16
-0.16
-0.24
-0.31
-0.24
-0.31
-0.39
0.00
-0.16
-0.39
-0.39
-0.08
-0.16
-0.24
-0.16
-0.24
-0.39
-0.24
-0.39
0.00
-0.31
-0.16
-0.78
-0.31
0.00
-0.31
-0.24
-0.24
-0.31
-0.31
-0.16
-0.39
-0.24
-0.31
-0.55
-0.24
0.00
-0.31
-0.24
-0.31
-0.16