8.24
8.39
8.16
8.32
8.32
8.32
8.32
8.32
8.16
8.32
8.47
8.32
8.47
8.24
8.00
8.24
8.55
8.47
8.39
8.16
8.08
7.92
8.47
8.08
8.32
8.24
8.39
8.08
8.32
8.39
8.39
8.00
8.47
8.16
8.00
8.39
8.32
8.08
8.47
8.24
8.32
8.79
8.24
8.32
8.47
8.47
8.24
8.16
8.08
8.47
8.16
8.16
8.24
8.39
8.47
8.47
8.24
8.32
8.32
7.92
8.24
8.32
8.08
8.24
8.16
8.32
8.16
8.55
8.39
8.39
8.39
8.24
8.32
8.16
8.24
8.63
8.39
8.16
8.32
8.08
8.24
8.63
8.16
8.32
8.32
8.24
7.61
8.32
8.32
8.55
8.63
8.16
8.08
8.39
8.32
8.24
8.32
8.08
8.32
8.39
8.32
8.00
8.39
8.08
8.00
8.32
8.39
8.24
8.16
8.47
8.16
8.32
8.32
8.32
8.00
8.24
8.32
8.24
8.00
8.63
7.92
8.16
8.39
8.24
8.24
8.47
8.39
8.08
8.16
8.16
8.24
8.39
8.00
8.24
8.16
8.32
8.39
8.24
8.47
8.39
8.08
8.24
8.32
8.16
8.32
8.08
8.16
8.32
8.39
7.92
8.16
8.08
8.32
8.08
8.16
8.08
8.16
8.32
8.32
8.32
8.00
7.92
8.24
8.24
8.47
8.39
8.16
8.16
8.39
8.24
8.16
8.32
8.16
8.39
8.08
8.47
8.08
7.92
8.63
8.47
8.24
8.32
8.00
8.24
8.32
8.24
8.55
8.16
8.39
8.63
8.55
8.39
8.00
8.24
8.08
8.16
8.00
8.32
8.08
8.47
8.32
8.55
8.39
8.32
8.32
8.24
8.32
8.08
8.24
7.77
8.47
8.00
8.08
8.24
8.47
8.08
8.55
8.32
8.00
8.47
8.32
8.08
8.32
8.24
8.32
8.16
8.39
8.32
8.79
8.24
8.32
8.32
8.24
8.32
7.92
8.32
8.32
8.47
8.47
8.16
8.24
8.32
8.24
8.16
8.08
8.24
8.32
8.32
8.39
8.00
8.32
8.16
8.47
8.24
8.39
8.47
8.63
8.63
8.32
8.16
8.24
8.55
8.55
8.32
8.16
8.47
8.16
7.77
8.16
8.24
8.39
8.16
8.24
8.55
8.47
8.24
8.24
8.24
8.08
8.32
8.24
8.08
8.16
8.16
8.24
8.32
8.08
8.24
8.24
8.32
8.24
8.24
8.16
8.39
8.32
8.08
8.24
8.71
8.32
8.24
8.24
8.24
8.32
8.32
8.16
8.08
8.24
8.39
8.47
8.47
8.47
8.55
7.92
8.47
8.00
8.32
8.00
8.47
8.47
8.32
7.77
8.24
8.32
7.92
8.24
8.47
8.55
8.47
8.24
8.32
8.16
8.24
8.39
8.39
7.85
8.32
8.08
7.61
8.55
8.39
8.55
8.24
8.55
8.32
8.00
8.55
8.08
8.24
8.32
8.71
8.16
8.32
8.39
8.16
8.16
8.79
8.39
8.39
8.16
8.08
8.16
8.71
8.16
8.00
8.47
7.92
7.61
8.32
8.32
8.08
8.39
8.24
8.16
8.32
8.55
8.39
8.08
8.16
8.39
8.32
8.39
8.47
8.00
8.39
8.47
8.24
8.24
8.32
8.55
8.47
8.24
8.08
8.08
8.24
8.24
7.77
8.39
8.24
8.24
8.39
8.71
8.32
8.08
8.00
8.32
8.32
8.08
8.00
8.55
8.08
7.92
8.39
8.16
8.08
8.39
8.39
8.16
8.24
7.92
8.39
8.00
8.08
8.39
8.24
8.24
8.24
8.24
8.32
8.32
8.08
8.16
8.32
8.39
8.55
8.08
8.08
8.47
8.16
8.47
8.16
8.16
8.71
8.08
8.16
8.32
8.24
8.39
8.24
8.47
8.24
8.16
8.39
8.32
8.00
8.00
8.32
8.16
8.32
8.39
8.39
8.39
8.16
8.39
8.71
8.16
8.39
8.39
8.08
8.55
8.08
8.08
8.32
8.39
8.39
8.24
8.32
8.39
8.24
8.08
8.39
8.08
8.47
8.32
8.55
8.32
8.32
7.92
8.32
8.32
8.39
8.00
8.47
8.00
8.39
8.16
8.16
8.32
8.39
8.24
8.24